
*** H ***
0.3600390625,
0.3600390625,
0.3600390625,
0.3600390625,
0.3600390625,
0.3600390625,
0.3600390625,
0.3600390625,
0.3600390625,
0.3600390625,
0.3600390625,
0.3600390625,
0.3600390625,
0.3600390625,
0.3600390625,
0.3600390625,
0.3600390625,
0.3600390625,
0.3600390625,
0.3600390625,
0.3600390625,
0.3600390625,
0.3600390625,
0.3600390625,
0.3600390625,
0.3600390625,
0.3600390625,
0.3600390625,
0.3600390625,
0.3600390625,
0.3600390625,
0.3600390625,
0.3600390625,
0.3600390625,
0.3600390625,
0.3600390625,
0.3600390625,
0.3600390625,
0.3600390625,
0.3600390625,
0.3600390625,
0.3600390625,
0.3600390625,
0.3600390625,
0.3600390625,
0.3600390625,
0.3600390625,
0.3600390625,
0.3600390625,
0.3600390625,
0.3600390625,
0.3600390625,
0.3600390625,
0.3600390625,
0.3600390625,
0.3600390625,
0.3600390625,
0.3600390625,
0.3600390625,
0.3600390625,
0.3600390625,
0.3600390625,
0.3600390625,
0.3600390625,
0.3600390625,
0.3600390625,
0.3600390625,
0.3600390625,
0.3600390625,
0.3600390625,
0.3600390625,
0.3600390625,
0.3600390625,
0.3600390625,
0.3600390625,
0.3600390625,
0.3600390625,
0.3600390625,
0.3600390625,
0.3600390625,
0.3600390625,
0.3600390625,
0.3600390625,
0.3600390625,
0.3600390625,
0.3600390625,
0.3600390625,
0.3600390625,
0.3600390625,
0.3600390625,
0.3600390625,
0.3600390625,
0.3600390625,
0.3600390625,
0.3600390625,
0.3600390625,
0.3600390625,
0.3600390625,
0.3600390625,
0.3600390625,
0.3600390625,
0.3600390625,
0.3600390625,
0.3600390625,
0.3600390625,
0.3600390625,
0.3600390625,
0.3600390625,
0.3600390625,
0.3600390625,
0.3600390625,
0.3600390625,
0.3600390625,
0.3600390625,
0.3600390625,
0.3600390625,
0.3600390625,
0.3600390625,
0.3600390625,
0.3600390625,
0.9847591145833334,
0.9847591145833334,
0.9847591145833334,
0.9847591145833334,
0.9847591145833334,
0.9847591145833334,
0.9847591145833334,
0.9847591145833334,
0.9847591145833334,
0.9847591145833334,
0.9847591145833334,
0.9847591145833334,
0.9847591145833334,
0.9847591145833334,
0.9847591145833334,
0.9847591145833334,
0.9847591145833334,
0.9847591145833334,
0.9847591145833334,
0.9847591145833334,
0.9847591145833334,
0.9847591145833334,
0.9847591145833334,
0.9847591145833334,
0.9847591145833334,
0.9847591145833334,
0.9847591145833334,
0.9847591145833334,
0.9847591145833334,
0.9847591145833334,
0.9847591145833334,
0.9847591145833334,
0.9847591145833334,
0.9847591145833334,
0.9847591145833334,
0.9847591145833334,
0.9847591145833334,
0.9847591145833334,
0.9847591145833334,
0.9847591145833334,
0.9847591145833334,
0.9847591145833334,
0.9847591145833334,
0.9847591145833334,
0.9847591145833334,
0.9847591145833334,
0.9847591145833334,
0.9847591145833334,
0.9847591145833334,
0.9847591145833334,
0.9847591145833334,
0.9847591145833334,
0.9847591145833334,
0.9847591145833334,
0.9847591145833334,
0.9847591145833334,
0.9847591145833334,
0.9847591145833334,
0.9847591145833334,
0.9847591145833334,
0.9847591145833334,
0.9847591145833334,
0.9847591145833334,
0.9847591145833334,
0.9847591145833334,
0.9847591145833334,
0.9847591145833334,
0.9847591145833334,
0.9847591145833334,
0.9847591145833334,
0.9847591145833334,
0.9847591145833334,
0.9847591145833334,
0.9847591145833334,
0.9847591145833334,
0.9847591145833334,
0.9847591145833334,
0.9847591145833334,
0.9847591145833334,
0.9847591145833334,
0.9847591145833334,
0.9847591145833334,
0.9847591145833334,
0.9847591145833334,
0.9847591145833334,
0.9847591145833334,
0.9847591145833334,
0.9847591145833334,
0.9847591145833334,
0.9847591145833334,
0.9847591145833334,
0.9847591145833334,
0.9847591145833334,
0.9847591145833334,
0.9847591145833334,
0.9847591145833334,
0.9847591145833334,
0.9847591145833334,
0.9847591145833334,
0.9847591145833334,
0.9847591145833334,
0.9847591145833334,
0.9847591145833334,
0.9847591145833334,
0.9847591145833334,
0.9847591145833334,
0.9847591145833334,
0.9847591145833334,
0.9847591145833334,
0.9847591145833334,
0.9847591145833334,
0.9847591145833334,
0.9847591145833334,
0.9847591145833334,
0.9847591145833334,
0.9847591145833334,
0.9847591145833334,
0.9847591145833334,
0.9847591145833334,
0.9847591145833334,
1.0,
1.0,
1.0,
1.0,
1.0,
1.0,
1.0,
1.0,
1.0,
1.0,
1.0,
1.0,
1.0,
1.0,
1.0,
1.0,
1.0,
1.0,
1.0,
1.0,
1.0,
1.0,
1.0,
1.0,
1.0,
1.0,
1.0,
1.0,
1.0,
1.0,
1.0,
1.0,
1.0,
1.0,
1.0,
1.0,
1.0,
1.0,
1.0,
1.0,
1.0,
1.0,
1.0,
1.0,
1.0,
1.0,
1.0,
1.0,
1.0,
1.0,
1.0,
1.0,
1.0,
1.0,
1.0,
1.0,
1.0,
1.0,
1.0,
1.0,
1.0,
1.0,
1.0,
1.0,
1.0,
1.0,
1.0,
1.0,
1.0,
1.0,
1.0,
1.0,
1.0,
1.0,
1.0,
1.0,
1.0,
1.0,
1.0,
1.0,
1.0,
1.0,
1.0,
1.0,
1.0,
1.0,
1.0,
1.0,
1.0,
1.0,
1.0,
1.0,
1.0,
1.0,
1.0,
1.0,
1.0,
1.0,
1.0,
1.0,
1.0,
1.0,
1.0,
1.0,
1.0,
1.0,
1.0,
1.0,
1.0,
1.0,
1.0,
1.0,
1.0,
1.0,
1.0,
1.0,
1.0,
1.0,
1.0,
1.0,
1.0,
*** V ***
5.5338541666666664E-5,
0.002942708333333333,
0.018701171875,
0.027636718749999997,
0.043053385416666666,
0.06484700520833334,
0.08393229166666667,
0.11810221354166667,
0.13344075520833334,
0.1480078125,
0.15547200520833335,
0.16394531250000002,
0.16905598958333334,
0.17720703125,
0.18259765625000002,
0.19109049479166668,
0.19972005208333335,
0.2054752604166667,
0.21283203125000003,
0.2170182291666667,
0.22236328125000002,
0.22604817708333336,
0.23140950520833337,
0.23507161458333337,
0.24051106770833336,
0.2464518229166667,
0.2505013020833334,
0.256806640625,
0.26175130208333336,
0.2685807291666667,
0.27286458333333335,
0.27885091145833335,
0.28267903645833337,
0.28835937500000003,
0.291728515625,
0.297099609375,
0.302216796875,
0.30622070312500005,
0.3128645833333334,
0.31708007812500005,
0.32376627604166675,
0.32837565104166677,
0.33580403645833345,
0.34033854166666677,
0.3477148437500001,
0.3547233072916668,
0.35949544270833345,
0.36582031250000013,
0.36978841145833347,
0.3759993489583335,
0.37969401041666684,
0.3856380208333335,
0.3896712239583335,
0.3950423177083335,
0.39799153645833346,
0.4015299479166668,
0.4038671875000001,
0.40516927083333343,
0.4069108072916668,
0.4083463541666668,
0.4109114583333335,
0.4139257812500001,
0.42112630208333346,
0.42629882812500014,
0.4342708333333335,
0.4426985677083335,
0.4488248697916668,
0.46038411458333345,
0.47172200520833346,
0.4971061197916668,
0.5218619791666668,
0.5669856770833335,
0.6003059895833335,
0.6587304687500002,
0.6999739583333335,
0.7625976562500002,
0.8335221354166669,
0.8803092447916668,
0.9530566406250002,
0.9886946614583335,
0.9997363281250001,
0.9999804687500001,
1.0000000000000002,
1.0000000000000002,
1.0000000000000002,
1.0000000000000002,
1.0000000000000002,
1.0000000000000002,
1.0000000000000002,
1.0000000000000002,
1.0000000000000002,
1.0000000000000002,
1.0000000000000002,
1.0000000000000002,
1.0000000000000002,
1.0000000000000002,
1.0000000000000002,
1.0000000000000002,
1.0000000000000002,
1.0000000000000002,
1.0000000000000002,
*** S ***
0.06334635416666666,
0.14829427083333332,
0.410517578125,
0.6252506510416667,
0.6430729166666667,
0.64814453125,
0.6523893229166667,
0.6565006510416668,
0.6616113281250001,
0.6667805989583334,
0.674287109375,
0.6848730468750001,
0.6903743489583334,
0.6982910156250001,
0.7029134114583334,
0.7070930989583334,
0.709228515625,
0.7153352864583333,
0.72166015625,
0.7255013020833333,
0.7313509114583333,
0.7347493489583333,
0.7375553385416667,
0.7408430989583333,
0.74220703125,
0.747412109375,
0.7487955729166667,
0.7508430989583333,
0.7525130208333334,
0.7562532552083334,
0.757392578125,
0.7594303385416667,
0.7599544270833334,
0.7637239583333334,
0.7638932291666667,
0.764541015625,
0.7664225260416666,
0.7669140624999999,
0.7692252604166666,
0.7698730468749999,
0.7717350260416665,
0.7726855468749999,
0.7746354166666666,
0.7762955729166666,
0.7779524739583333,
0.7802213541666667,
0.7824186197916667,
0.7850585937500001,
0.7883398437500001,
0.7916080729166668,
0.7971223958333334,
0.8013769531250001,
0.8063867187500001,
0.8123860677083334,
0.8186555989583334,
0.8257389322916667,
0.8334114583333334,
0.8410611979166668,
0.8491796875000002,
0.8574023437500001,
0.8658463541666668,
0.8742024739583334,
0.8824739583333334,
0.8934016927083335,
0.9032682291666668,
0.9144498697916669,
0.9235611979166669,
0.934371744791667,
0.942867838541667,
0.950856119791667,
0.957027994791667,
0.9635677083333337,
0.9683593750000004,
0.9737890625000003,
0.9778938802083337,
0.9819466145833337,
0.9858138020833337,
0.9889973958333337,
0.9920117187500004,
0.9944401041666671,
0.9957845052083337,
0.9967773437500004,
0.9981445312500004,
0.9988216145833337,
0.9994042968750004,
0.9996158854166671,
0.9997656250000004,
0.999820963541667,
0.999879557291667,
0.999908854166667,
0.999928385416667,
0.999928385416667,
0.999928385416667,
0.9999316406250003,
0.9999348958333336,
0.9999348958333336,
0.9999348958333336,
0.9999348958333336,
0.9999348958333336,
0.9999348958333336,
1.0000000000000002,
