*** Red ***
0.25000651041666666,
0.2501399739583333,
0.25124674479166664,
0.25354166666666667,
0.2578125,
0.26428385416666667,
0.26997721354166665,
0.2742708333333333,
0.27869791666666666,
0.28364908854166665,
0.2895735677083333,
0.29632486979166667,
0.30342447916666665,
0.31065755208333334,
0.31851888020833335,
0.3260123697916667,
0.33352864583333336,
0.3403678385416667,
0.3464127604166667,
0.35178059895833336,
0.3570963541666667,
0.36191731770833335,
0.365595703125,
0.3689680989583333,
0.3724641927083333,
0.3755924479166666,
0.3783919270833333,
0.3808463541666666,
0.3832486979166666,
0.38541341145833324,
0.3875130208333332,
0.3896516927083332,
0.39181966145833325,
0.39430989583333326,
0.3970084635416666,
0.3995996093749999,
0.40221354166666656,
0.40482747395833324,
0.4075292968749999,
0.4102962239583332,
0.41311523437499986,
0.41589192708333317,
0.4186490885416665,
0.4214615885416665,
0.42430664062499984,
0.4268229166666665,
0.4291113281249998,
0.4313802083333331,
0.43349934895833314,
0.4354361979166665,
0.43711914062499985,
0.43898437499999987,
0.44063151041666654,
0.4423730468749999,
0.4441764322916666,
0.44588216145833326,
0.4476529947916666,
0.4494303385416666,
0.45116861979166656,
0.4530013020833332,
0.45477213541666656,
0.4564973958333332,
0.4582942708333332,
0.4602115885416665,
0.4620507812499998,
0.46412434895833315,
0.46612304687499984,
0.4681119791666665,
0.47003255208333317,
0.47212239583333315,
0.47436848958333316,
0.4767545572916665,
0.4792773437499998,
0.4815690104166665,
0.4837890624999998,
0.4860221354166665,
0.48821614583333317,
0.49028320312499984,
0.49221354166666653,
0.4942024739583332,
0.49620442708333323,
0.49809895833333323,
0.5000260416666665,
0.5019270833333332,
0.5037825520833332,
0.5056380208333332,
0.5073958333333332,
0.5090006510416665,
0.5107714843749999,
0.5125683593749999,
0.5142936197916665,
0.5159960937499999,
0.5176334635416665,
0.5194401041666665,
0.5213476562499999,
0.5233463541666665,
0.5253873697916666,
0.5276725260416666,
0.5298763020833333,
0.532041015625,
0.5341015625,
0.5362272135416666,
0.5384342447916666,
0.5406868489583332,
0.5431087239583332,
0.5453255208333332,
0.5477115885416666,
0.5502115885416665,
0.5526432291666665,
0.5548958333333331,
0.5571516927083331,
0.559524739583333,
0.5619335937499997,
0.5644335937499997,
0.5667773437499997,
0.569095052083333,
0.5713769531249997,
0.5736783854166664,
0.5761718749999997,
0.5784147135416663,
0.5805273437499996,
0.5824511718749996,
0.584251302083333,
0.5864062499999997,
0.5886035156249997,
0.5905957031249996,
0.5926822916666663,
0.5945279947916663,
0.5964615885416663,
0.5984472656249996,
0.6006152343749996,
0.602542317708333,
0.6045507812499996,
0.6065429687499996,
0.6084798177083329,
0.6102636718749996,
0.6120214843749996,
0.6136979166666663,
0.6151562499999996,
0.616389973958333,
0.617581380208333,
0.6185351562499997,
0.6194628906249997,
0.6202018229166664,
0.6209049479166664,
0.621536458333333,
0.6221191406249997,
0.6226757812499998,
0.6232714843749998,
0.6238053385416664,
0.624231770833333,
0.624612630208333,
0.6249348958333331,
0.6254361979166664,
0.625852864583333,
0.626263020833333,
0.6266894531249996,
0.6270703124999996,
0.6275195312499996,
0.6279589843749996,
0.6283626302083329,
0.628684895833333,
0.6290624999999996,
0.6294661458333329,
0.629934895833333,
0.6304296874999996,
0.6310872395833329,
0.6315950520833329,
0.6323990885416663,
0.633343098958333,
0.6348242187499996,
0.6367871093749996,
0.6397623697916662,
0.6440397135416662,
0.6492154947916662,
0.6553938802083329,
0.6626985677083329,
0.6710156249999996,
0.6797721354166663,
0.6887337239583329,
0.6979915364583329,
0.7071223958333329,
0.7162727864583329,
0.7252246093749996,
0.7343001302083328,
0.7437239583333328,
0.7528776041666662,
0.7619628906249994,
0.7711002604166661,
0.7811848958333328,
0.7925455729166662,
0.8059407552083329,
0.8208626302083328,
0.8377180989583328,
0.8567447916666662,
0.8776139322916662,
0.8998274739583328,
0.9219531249999995,
0.9425781249999995,
0.9625781249999995,
0.9794140624999995,
0.9909179687499995,
0.9970019531249995,
0.9991764322916662,
0.9998079427083328,
0.9999609374999995,
0.9999967447916661,
0.9999999999999994,
0.9999999999999994,
0.9999999999999994,
0.9999999999999994,
0.9999999999999994,
0.9999999999999994,
0.9999999999999994,
0.9999999999999994,
0.9999999999999994,
0.9999999999999994,
0.9999999999999994,
0.9999999999999994,
0.9999999999999994,
0.9999999999999994,
0.9999999999999994,
0.9999999999999994,
0.9999999999999994,
0.9999999999999994,
0.9999999999999994,
0.9999999999999994,
0.9999999999999994,
0.9999999999999994,
0.9999999999999994,
0.9999999999999994,
0.9999999999999994,
0.9999999999999994,
0.9999999999999994,
0.9999999999999994,
0.9999999999999994,
0.9999999999999994,
0.9999999999999994,
0.9999999999999994,
0.9999999999999994,
0.9999999999999994,
0.9999999999999994,
0.9999999999999994,
0.9999999999999994,
0.9999999999999994,
0.9999999999999994,
0.9999999999999994,
0.9999999999999994,
0.9999999999999994,
0.9999999999999994,
0.9999999999999994,
0.9999999999999994,
0.9999999999999994,
0.9999999999999994,
0.9999999999999994,
0.9999999999999994,
*** Green ***
0.25000325520833333,
0.25012369791666667,
0.25120442708333335,
0.2533170572916667,
0.2572330729166667,
0.2634049479166667,
0.26902669270833335,
0.2731640625,
0.2770572916666667,
0.28108723958333337,
0.28558593750000005,
0.2904361979166667,
0.29588216145833335,
0.30190429687500003,
0.30874023437500003,
0.3167903645833334,
0.3264095052083334,
0.3367903645833334,
0.3472395833333334,
0.3572884114583334,
0.36691080729166675,
0.37653645833333343,
0.3855794270833334,
0.39335611979166674,
0.40068033854166674,
0.4074902343750001,
0.41356770833333345,
0.41890299479166676,
0.4234049479166668,
0.4274186197916668,
0.43155598958333347,
0.4354459635416668,
0.4390006510416668,
0.4426725260416668,
0.44606445312500015,
0.4493001302083335,
0.45263346354166684,
0.4555989583333335,
0.4584375000000002,
0.4611914062500002,
0.46408854166666685,
0.46678385416666685,
0.4695442708333335,
0.4723339843750002,
0.4750878906250002,
0.47788736979166685,
0.4805761718750002,
0.48345703125000017,
0.48636393229166686,
0.48916341145833353,
0.49191080729166686,
0.4944270833333335,
0.4968098958333335,
0.4992610677083335,
0.5017350260416669,
0.5041894531250002,
0.5065950520833336,
0.5089843750000003,
0.5115039062500003,
0.5142708333333337,
0.5171679687500004,
0.5201692708333338,
0.5233072916666671,
0.5264388020833338,
0.5293359375000005,
0.5321484375000005,
0.5347298177083338,
0.5374446614583338,
0.5399576822916672,
0.5423274739583338,
0.5445442708333338,
0.5465136718750004,
0.5485677083333338,
0.5506054687500005,
0.5526497395833339,
0.5548958333333338,
0.5570149739583338,
0.5594010416666672,
0.5616601562500005,
0.5637695312500005,
0.5657259114583338,
0.5676009114583338,
0.5696321614583338,
0.5716861979166672,
0.5735872395833339,
0.5755468750000006,
0.5772786458333339,
0.5789811197916672,
0.5805696614583339,
0.5822786458333339,
0.5841048177083339,
0.5862467447916673,
0.5883430989583339,
0.5904003906250006,
0.5927311197916673,
0.5949902343750006,
0.5972916666666673,
0.5994628906250007,
0.6014648437500006,
0.603294270833334,
0.6049967447916673,
0.6066015625000006,
0.6080175781250007,
0.6091796875000007,
0.6100292968750007,
0.6107617187500007,
0.6112467447916674,
0.6116113281250007,
0.6119726562500007,
0.6121712239583341,
0.6123242187500008,
0.6124641927083341,
0.6125878906250007,
0.6126855468750008,
0.6127832031250008,
0.6128808593750008,
0.6129557291666675,
0.6130501302083342,
0.6131217447916676,
0.6131705729166675,
0.6132486979166676,
0.613310546875001,
0.6134016927083343,
0.613466796875001,
0.6135904947916677,
0.613710937500001,
0.6138085937500011,
0.6140039062500011,
0.6142252604166678,
0.6145377604166679,
0.6148502604166679,
0.6151595052083346,
0.6155013020833346,
0.6159179687500013,
0.6162792968750013,
0.6166308593750013,
0.6170507812500012,
0.6174381510416679,
0.6177994791666679,
0.6183300781250012,
0.6187825520833345,
0.6192154947916679,
0.619664713541668,
0.6200585937500013,
0.6205208333333346,
0.621002604166668,
0.621481119791668,
0.621949869791668,
0.622418619791668,
0.6228710937500014,
0.623395182291668,
0.6238476562500014,
0.6242480468750014,
0.6246093750000014,
0.6250683593750014,
0.6254622395833347,
0.6258007812500014,
0.6262109375000013,
0.626686197916668,
0.6270345052083347,
0.627408854166668,
0.627799479166668,
0.6281738281250013,
0.6285091145833347,
0.6288802083333347,
0.6291927083333347,
0.629615885416668,
0.6300716145833347,
0.6306608072916681,
0.6312434895833348,
0.6318717447916681,
0.6326367187500014,
0.6337500000000014,
0.6354231770833347,
0.6379654947916681,
0.6416373697916681,
0.6461816406250014,
0.6516796875000014,
0.6585253906250014,
0.6662044270833347,
0.674401041666668,
0.682955729166668,
0.6922558593750013,
0.7014973958333347,
0.7109472656250013,
0.7203450520833347,
0.7297460937500013,
0.7398632812500013,
0.7497363281250014,
0.7594368489583346,
0.7688802083333346,
0.7793815104166679,
0.7906445312500012,
0.8040527343750012,
0.8190625000000012,
0.8368033854166679,
0.8576399739583346,
0.8806282552083345,
0.9045084635416679,
0.9294401041666679,
0.9532552083333345,
0.9742187500000012,
0.9887500000000012,
0.9962695312500013,
0.9990039062500012,
0.9997363281250012,
0.9999381510416679,
0.9999804687500012,
1.0000000000000013,
1.0000000000000013,
1.0000000000000013,
1.0000000000000013,
1.0000000000000013,
1.0000000000000013,
1.0000000000000013,
1.0000000000000013,
1.0000000000000013,
1.0000000000000013,
1.0000000000000013,
1.0000000000000013,
1.0000000000000013,
1.0000000000000013,
1.0000000000000013,
1.0000000000000013,
1.0000000000000013,
1.0000000000000013,
1.0000000000000013,
1.0000000000000013,
1.0000000000000013,
1.0000000000000013,
1.0000000000000013,
1.0000000000000013,
1.0000000000000013,
1.0000000000000013,
1.0000000000000013,
1.0000000000000013,
1.0000000000000013,
1.0000000000000013,
1.0000000000000013,
1.0000000000000013,
1.0000000000000013,
1.0000000000000013,
1.0000000000000013,
1.0000000000000013,
1.0000000000000013,
1.0000000000000013,
1.0000000000000013,
1.0000000000000013,
1.0000000000000013,
1.0000000000000013,
1.0000000000000013,
1.0000000000000013,
1.0000000000000013,
1.0000000000000013,
1.0000000000000013,
1.0000000000000013,
*** Blue ***
0.25005859375,
0.2501953125,
0.25142252604166665,
0.25390625,
0.2584635416666667,
0.26594726562500004,
0.27451171875,
0.2845182291666667,
0.2966569010416667,
0.3102897135416667,
0.323486328125,
0.33578125,
0.3471907552083333,
0.3582421875,
0.36892578125,
0.3795442708333333,
0.38968424479166663,
0.3996516927083333,
0.4094108072916666,
0.41874023437499996,
0.4272591145833333,
0.43504231770833335,
0.44219401041666667,
0.4491731770833333,
0.455947265625,
0.46219401041666663,
0.46800781249999995,
0.47352539062499993,
0.47895507812499993,
0.4840071614583333,
0.4891829427083333,
0.4943912760416666,
0.4996582031249999,
0.5049283854166666,
0.5102115885416666,
0.5153678385416666,
0.5201334635416666,
0.5247981770833332,
0.5289908854166665,
0.5330371093749998,
0.5364485677083332,
0.5399186197916664,
0.5431575520833332,
0.5464160156249999,
0.5493261718749999,
0.5522330729166666,
0.5550325520833332,
0.5577604166666665,
0.5605533854166665,
0.5633789062499999,
0.5662565104166666,
0.5691178385416665,
0.5721321614583332,
0.5750227864583333,
0.5776627604166666,
0.58021484375,
0.5826041666666667,
0.5849609375,
0.5871484375,
0.58943359375,
0.5917089843750001,
0.5938444010416667,
0.5957617187500001,
0.5976497395833333,
0.5994986979166667,
0.6011067708333333,
0.6025651041666666,
0.6038899739583333,
0.60498046875,
0.6058170572916667,
0.606640625,
0.6071907552083334,
0.6077506510416668,
0.6082128906250002,
0.6085872395833335,
0.6089290364583335,
0.6092415364583336,
0.6094791666666669,
0.6097005208333336,
0.609889322916667,
0.610035807291667,
0.6101822916666669,
0.6102832031250003,
0.6103613281250003,
0.610475260416667,
0.6105794270833337,
0.6106868489583337,
0.6107714843750004,
0.6108723958333337,
0.6109537760416671,
0.6110286458333338,
0.6110970052083339,
0.6111751302083339,
0.6112500000000006,
0.6113476562500006,
0.611448567708334,
0.6115397135416674,
0.6116373697916674,
0.6117187500000008,
0.611770833333334,
0.6118554687500007,
0.6119368489583341,
0.6120312500000008,
0.6121126302083342,
0.6121712239583341,
0.6122330729166675,
0.6123274739583342,
0.6124153645833342,
0.6125130208333343,
0.612578125000001,
0.6126822916666677,
0.6127604166666677,
0.6128743489583344,
0.6129557291666677,
0.6130013020833344,
0.6130924479166677,
0.6131738281250011,
0.6132584635416678,
0.6133756510416678,
0.6135026041666678,
0.6136425781250011,
0.6138671875000011,
0.6141243489583345,
0.6144108072916677,
0.6147298177083345,
0.6151269531250011,
0.6154524739583345,
0.6157747395833345,
0.6161458333333345,
0.6164583333333346,
0.6168033854166679,
0.6171907552083346,
0.6175260416666679,
0.6180078125000013,
0.6184667968750013,
0.6189355468750013,
0.6193684895833347,
0.619752604166668,
0.6201204427083347,
0.6205598958333347,
0.620953776041668,
0.6213671875000013,
0.621803385416668,
0.6222428385416681,
0.6226725260416681,
0.6231608072916681,
0.6236002604166682,
0.6240201822916681,
0.6244270833333347,
0.624840494791668,
0.6252571614583347,
0.6256184895833347,
0.6259798177083347,
0.626363932291668,
0.626744791666668,
0.6272070312500013,
0.627565104166668,
0.6278743489583347,
0.628238932291668,
0.628629557291668,
0.6290429687500013,
0.6294726562500014,
0.6298470052083347,
0.6303027343750014,
0.6307356770833348,
0.6313053385416681,
0.6318750000000015,
0.6326074218750015,
0.6335449218750016,
0.6349902343750016,
0.6369726562500015,
0.6399967447916682,
0.6440266927083349,
0.6487890625000016,
0.6547460937500016,
0.6620377604166683,
0.670091145833335,
0.6787565104166683,
0.6884082031250016,
0.6989322916666683,
0.7094303385416683,
0.7198274739583349,
0.7302506510416682,
0.7403385416666682,
0.7500390625000015,
0.7591015625000015,
0.7682845052083348,
0.7782421875000015,
0.7892773437500015,
0.8009049479166681,
0.8141178385416681,
0.8282454427083348,
0.8436751302083347,
0.8611035156250014,
0.8807063802083348,
0.9017415364583348,
0.9238020833333348,
0.9445117187500015,
0.9643945312500015,
0.9802408854166682,
0.9907617187500015,
0.9961295572916682,
0.9985937500000015,
0.9995963541666681,
0.9999121093750015,
0.9999804687500016,
0.9999934895833349,
1.0000000000000016,
1.0000000000000016,
1.0000000000000016,
1.0000000000000016,
1.0000000000000016,
1.0000000000000016,
1.0000000000000016,
1.0000000000000016,
1.0000000000000016,
1.0000000000000016,
1.0000000000000016,
1.0000000000000016,
1.0000000000000016,
1.0000000000000016,
1.0000000000000016,
1.0000000000000016,
1.0000000000000016,
1.0000000000000016,
1.0000000000000016,
1.0000000000000016,
1.0000000000000016,
1.0000000000000016,
1.0000000000000016,
1.0000000000000016,
1.0000000000000016,
1.0000000000000016,
1.0000000000000016,
1.0000000000000016,
1.0000000000000016,
1.0000000000000016,
1.0000000000000016,
1.0000000000000016,
1.0000000000000016,
1.0000000000000016,
1.0000000000000016,
1.0000000000000016,
1.0000000000000016,
1.0000000000000016,
1.0000000000000016,
1.0000000000000016,
1.0000000000000016,
1.0000000000000016,
1.0000000000000016,
1.0000000000000016,
1.0000000000000016,
1.0000000000000016,
1.0000000000000016,
1.0000000000000016,
1.0000000000000016,
