*** H ***
0.430419921875,
0.430419921875,
0.430419921875,
0.430419921875,
0.430419921875,
0.430419921875,
0.430419921875,
0.430419921875,
0.430419921875,
0.430419921875,
0.430419921875,
0.430419921875,
0.430419921875,
0.430419921875,
0.430419921875,
0.430419921875,
0.430419921875,
0.430419921875,
0.430419921875,
0.430419921875,
0.430419921875,
0.430419921875,
0.430419921875,
0.430419921875,
0.430419921875,
0.430419921875,
0.430419921875,
0.430419921875,
0.430419921875,
0.430419921875,
0.430419921875,
0.430419921875,
0.430419921875,
0.430419921875,
0.430419921875,
0.430419921875,
0.430419921875,
0.430419921875,
0.430419921875,
0.430419921875,
0.430419921875,
0.430419921875,
0.430419921875,
0.430419921875,
0.430419921875,
0.430419921875,
0.430419921875,
0.430419921875,
0.430419921875,
0.430419921875,
0.430419921875,
0.430419921875,
0.430419921875,
0.430419921875,
0.430419921875,
0.430419921875,
0.430419921875,
0.430419921875,
0.430419921875,
0.430419921875,
0.430419921875,
0.430419921875,
0.430419921875,
0.430419921875,
0.430419921875,
0.430419921875,
0.430419921875,
0.430419921875,
0.430419921875,
0.430419921875,
0.430419921875,
0.430419921875,
0.430419921875,
0.430419921875,
0.430419921875,
0.430419921875,
0.430419921875,
0.430419921875,
0.430419921875,
0.430419921875,
0.430419921875,
0.430419921875,
0.430419921875,
0.430419921875,
0.430419921875,
0.430419921875,
0.430419921875,
0.430419921875,
0.430419921875,
0.430419921875,
0.430419921875,
0.430419921875,
0.430419921875,
0.430419921875,
0.430419921875,
0.430419921875,
0.430419921875,
0.430419921875,
0.430419921875,
0.430419921875,
0.430419921875,
0.430419921875,
0.430419921875,
0.430419921875,
0.430419921875,
0.430419921875,
0.430419921875,
0.430419921875,
0.430419921875,
0.430419921875,
0.430419921875,
0.430419921875,
0.430419921875,
0.430419921875,
0.430419921875,
0.430419921875,
0.430419921875,
0.430419921875,
0.430419921875,
0.430419921875,
0.48505208333333333,
0.48505208333333333,
0.48505208333333333,
0.48505208333333333,
0.48505208333333333,
0.48505208333333333,
0.48505208333333333,
0.48505208333333333,
0.48505208333333333,
0.48505208333333333,
0.48505208333333333,
0.48505208333333333,
0.48505208333333333,
0.48505208333333333,
0.48505208333333333,
0.48505208333333333,
0.48505208333333333,
0.48505208333333333,
0.48505208333333333,
0.48505208333333333,
0.48505208333333333,
0.48505208333333333,
0.48505208333333333,
0.48505208333333333,
0.48505208333333333,
0.48505208333333333,
0.48505208333333333,
0.48505208333333333,
0.48505208333333333,
0.48505208333333333,
0.48505208333333333,
0.48505208333333333,
0.48505208333333333,
0.48505208333333333,
0.48505208333333333,
0.48505208333333333,
0.48505208333333333,
0.48505208333333333,
0.48505208333333333,
0.48505208333333333,
0.48505208333333333,
0.48505208333333333,
0.48505208333333333,
0.48505208333333333,
0.48505208333333333,
0.48505208333333333,
0.48505208333333333,
0.48505208333333333,
0.48505208333333333,
0.48505208333333333,
0.48505208333333333,
0.48505208333333333,
0.48505208333333333,
0.48505208333333333,
0.48505208333333333,
0.48505208333333333,
0.48505208333333333,
0.48505208333333333,
0.48505208333333333,
0.48505208333333333,
0.48505208333333333,
0.48505208333333333,
0.48505208333333333,
0.48505208333333333,
0.48505208333333333,
0.48505208333333333,
0.48505208333333333,
0.48505208333333333,
0.48505208333333333,
0.48505208333333333,
0.48505208333333333,
0.48505208333333333,
0.48505208333333333,
0.48505208333333333,
0.48505208333333333,
0.48505208333333333,
0.48505208333333333,
0.48505208333333333,
0.48505208333333333,
0.48505208333333333,
0.48505208333333333,
0.48505208333333333,
0.48505208333333333,
0.48505208333333333,
0.48505208333333333,
0.48505208333333333,
0.48505208333333333,
0.48505208333333333,
0.48505208333333333,
0.48505208333333333,
0.48505208333333333,
0.48505208333333333,
0.48505208333333333,
0.48505208333333333,
0.48505208333333333,
0.48505208333333333,
0.48505208333333333,
0.48505208333333333,
0.48505208333333333,
0.48505208333333333,
0.48505208333333333,
0.48505208333333333,
0.48505208333333333,
0.48505208333333333,
0.48505208333333333,
0.48505208333333333,
0.48505208333333333,
0.48505208333333333,
0.48505208333333333,
0.48505208333333333,
0.48505208333333333,
0.48505208333333333,
0.48505208333333333,
0.48505208333333333,
0.48505208333333333,
0.48505208333333333,
0.48505208333333333,
0.48505208333333333,
0.48505208333333333,
0.48505208333333333,
1.0,
1.0,
1.0,
1.0,
1.0,
1.0,
1.0,
1.0,
1.0,
1.0,
1.0,
1.0,
1.0,
1.0,
1.0,
1.0,
1.0,
1.0,
1.0,
1.0,
1.0,
1.0,
1.0,
1.0,
1.0,
1.0,
1.0,
1.0,
1.0,
1.0,
1.0,
1.0,
1.0,
1.0,
1.0,
1.0,
1.0,
1.0,
1.0,
1.0,
1.0,
1.0,
1.0,
1.0,
1.0,
1.0,
1.0,
1.0,
1.0,
1.0,
1.0,
1.0,
1.0,
1.0,
1.0,
1.0,
1.0,
1.0,
1.0,
1.0,
1.0,
1.0,
1.0,
1.0,
1.0,
1.0,
1.0,
1.0,
1.0,
1.0,
1.0,
1.0,
1.0,
1.0,
1.0,
1.0,
1.0,
1.0,
1.0,
1.0,
1.0,
1.0,
1.0,
1.0,
1.0,
1.0,
1.0,
1.0,
1.0,
1.0,
1.0,
1.0,
1.0,
1.0,
1.0,
1.0,
1.0,
1.0,
1.0,
1.0,
1.0,
1.0,
1.0,
1.0,
1.0,
1.0,
1.0,
1.0,
1.0,
1.0,
1.0,
1.0,
1.0,
1.0,
1.0,
1.0,
1.0,
1.0,
1.0,
1.0,
1.0,
*** V ***
3.2552083333333335E-6,
4.850260416666667E-4,
0.004228515625,
0.007177734375,
0.016259765625,
0.030214843749999998,
0.04144205729166667,
0.056591796875,
0.06788411458333334,
0.08641276041666666,
0.1014453125,
0.12447591145833332,
0.14099283854166667,
0.16638997395833333,
0.18550455729166665,
0.21068033854166665,
0.23229166666666665,
0.24510742187499998,
0.2607845052083333,
0.26852213541666664,
0.27616210937499996,
0.2799576822916666,
0.2846321614583333,
0.2873958333333333,
0.2911881510416666,
0.2949055989583333,
0.29712890624999994,
0.3002994791666666,
0.3024772135416666,
0.30558268229166663,
0.3077897135416666,
0.31147460937499993,
0.3137369791666666,
0.31734700520833325,
0.3196093749999999,
0.32310221354166657,
0.3261751302083332,
0.3282910156249999,
0.33153645833333323,
0.33353841145833324,
0.3367675781249999,
0.33899088541666655,
0.3423242187499999,
0.34476888020833324,
0.3484374999999999,
0.35195638020833325,
0.3545410156249999,
0.3585058593749999,
0.36136067708333325,
0.36655598958333324,
0.3701464843749999,
0.37587239583333326,
0.37951171874999995,
0.3851529947916666,
0.3887272135416666,
0.3939127604166666,
0.39914062499999997,
0.40312499999999996,
0.4090006510416666,
0.41309895833333327,
0.4200748697916666,
0.4249967447916666,
0.43348958333333326,
0.43940429687499993,
0.4490006510416666,
0.45995442708333323,
0.4681705729166666,
0.48198567708333323,
0.4905045572916666,
0.5025846354166665,
0.5102278645833332,
0.5211979166666666,
0.5293587239583333,
0.5432845052083333,
0.5545442708333332,
0.5773404947916666,
0.6121874999999999,
0.6429329427083332,
0.7034928385416666,
0.7465234374999998,
0.8084244791666665,
0.8508886718749998,
0.9134374999999998,
0.9487434895833331,
0.9842382812499998,
0.9978157552083331,
0.9995475260416664,
0.9999707031249997,
0.9999902343749997,
0.9999999999999997,
0.9999999999999997,
0.9999999999999997,
0.9999999999999997,
0.9999999999999997,
0.9999999999999997,
0.9999999999999997,
0.9999999999999997,
0.9999999999999997,
0.9999999999999997,
0.9999999999999997,
0.9999999999999997,
*** S ***
0.005224609375,
0.006829427083333333,
0.011266276041666665,
0.021344401041666666,
0.07900716145833334,
0.25872721354166667,
0.4884114583333333,
0.5595735677083333,
0.570185546875,
0.5723860677083333,
0.5740657552083334,
0.5756803385416667,
0.577099609375,
0.5791569010416667,
0.581376953125,
0.5834700520833334,
0.58466796875,
0.5873111979166667,
0.5903190104166668,
0.5923600260416668,
0.5955664062500001,
0.5982356770833335,
0.6008919270833335,
0.6039322916666668,
0.6067936197916668,
0.6110839843750001,
0.6155338541666667,
0.6197526041666668,
0.6252929687500001,
0.6335091145833334,
0.6407552083333333,
0.6505989583333334,
0.6608756510416667,
0.6766471354166667,
0.684033203125,
0.6967610677083333,
0.7092903645833334,
0.7198600260416668,
0.7367220052083334,
0.7500944010416668,
0.7637337239583335,
0.7762988281250002,
0.7870442708333335,
0.7955826822916668,
0.8043554687500002,
0.8123144531250002,
0.8196451822916668,
0.8265820312500002,
0.8333984375000002,
0.8381380208333336,
0.8462727864583336,
0.8502897135416669,
0.8549316406250003,
0.8586067708333336,
0.8623990885416669,
0.8664583333333336,
0.8699641927083336,
0.873453776041667,
0.8772981770833336,
0.8812630208333335,
0.8859472656250001,
0.8896484375000001,
0.8929654947916668,
0.8976855468750001,
0.9022460937500001,
0.9054915364583335,
0.9082128906250001,
0.9122688802083334,
0.9141113281250001,
0.9170019531250001,
0.9180501302083335,
0.9214453125000002,
0.9218880208333335,
0.9240462239583336,
0.9245605468750002,
0.9277115885416669,
0.9297363281250003,
0.930817057291667,
0.932486979166667,
0.9374934895833337,
0.9389583333333337,
0.9430891927083337,
0.9479817708333337,
0.9540559895833337,
0.9615039062500004,
0.9662337239583337,
0.974322916666667,
0.979371744791667,
0.9860481770833337,
0.990563151041667,
0.9938053385416671,
0.9962988281250004,
0.9975488281250003,
0.9989192708333337,
0.9993261718750003,
0.9998209635416669,
0.9998763020833336,
0.9999446614583336,
0.9999934895833336,
0.9999934895833336,
1.0000000000000002,
*** H ***
0.430419921875,
0.430419921875,
0.430419921875,
0.430419921875,
0.430419921875,
0.430419921875,
0.430419921875,
0.430419921875,
0.430419921875,
0.430419921875,
0.430419921875,
0.430419921875,
0.430419921875,
0.430419921875,
0.430419921875,
0.430419921875,
0.430419921875,
0.430419921875,
0.430419921875,
0.430419921875,
0.430419921875,
0.430419921875,
0.430419921875,
0.430419921875,
0.430419921875,
0.430419921875,
0.430419921875,
0.430419921875,
0.430419921875,
0.430419921875,
0.430419921875,
0.430419921875,
0.430419921875,
0.430419921875,
0.430419921875,
0.430419921875,
0.430419921875,
0.430419921875,
0.430419921875,
0.430419921875,
0.430419921875,
0.430419921875,
0.430419921875,
0.430419921875,
0.430419921875,
0.430419921875,
0.430419921875,
0.430419921875,
0.430419921875,
0.430419921875,
0.430419921875,
0.430419921875,
0.430419921875,
0.430419921875,
0.430419921875,
0.430419921875,
0.430419921875,
0.430419921875,
0.430419921875,
0.430419921875,
0.430419921875,
0.430419921875,
0.430419921875,
0.430419921875,
0.430419921875,
0.430419921875,
0.430419921875,
0.430419921875,
0.430419921875,
0.430419921875,
0.430419921875,
0.430419921875,
0.430419921875,
0.430419921875,
0.430419921875,
0.430419921875,
0.430419921875,
0.430419921875,
0.430419921875,
0.430419921875,
0.430419921875,
0.430419921875,
0.430419921875,
0.430419921875,
0.430419921875,
0.430419921875,
0.430419921875,
0.430419921875,
0.430419921875,
0.430419921875,
0.430419921875,
0.430419921875,
0.430419921875,
0.430419921875,
0.430419921875,
0.430419921875,
0.430419921875,
0.430419921875,
0.430419921875,
0.430419921875,
0.430419921875,
0.430419921875,
0.430419921875,
0.430419921875,
0.430419921875,
0.430419921875,
0.430419921875,
0.430419921875,
0.430419921875,
0.430419921875,
0.430419921875,
0.430419921875,
0.430419921875,
0.430419921875,
0.430419921875,
0.430419921875,
0.430419921875,
0.430419921875,
0.430419921875,
0.430419921875,
0.48505208333333333,
0.48505208333333333,
0.48505208333333333,
0.48505208333333333,
0.48505208333333333,
0.48505208333333333,
0.48505208333333333,
0.48505208333333333,
0.48505208333333333,
0.48505208333333333,
0.48505208333333333,
0.48505208333333333,
0.48505208333333333,
0.48505208333333333,
0.48505208333333333,
0.48505208333333333,
0.48505208333333333,
0.48505208333333333,
0.48505208333333333,
0.48505208333333333,
0.48505208333333333,
0.48505208333333333,
0.48505208333333333,
0.48505208333333333,
0.48505208333333333,
0.48505208333333333,
0.48505208333333333,
0.48505208333333333,
0.48505208333333333,
0.48505208333333333,
0.48505208333333333,
0.48505208333333333,
0.48505208333333333,
0.48505208333333333,
0.48505208333333333,
0.48505208333333333,
0.48505208333333333,
0.48505208333333333,
0.48505208333333333,
0.48505208333333333,
0.48505208333333333,
0.48505208333333333,
0.48505208333333333,
0.48505208333333333,
0.48505208333333333,
0.48505208333333333,
0.48505208333333333,
0.48505208333333333,
0.48505208333333333,
0.48505208333333333,
0.48505208333333333,
0.48505208333333333,
0.48505208333333333,
0.48505208333333333,
0.48505208333333333,
0.48505208333333333,
0.48505208333333333,
0.48505208333333333,
0.48505208333333333,
0.48505208333333333,
0.48505208333333333,
0.48505208333333333,
0.48505208333333333,
0.48505208333333333,
0.48505208333333333,
0.48505208333333333,
0.48505208333333333,
0.48505208333333333,
0.48505208333333333,
0.48505208333333333,
0.48505208333333333,
0.48505208333333333,
0.48505208333333333,
0.48505208333333333,
0.48505208333333333,
0.48505208333333333,
0.48505208333333333,
0.48505208333333333,
0.48505208333333333,
0.48505208333333333,
0.48505208333333333,
0.48505208333333333,
0.48505208333333333,
0.48505208333333333,
0.48505208333333333,
0.48505208333333333,
0.48505208333333333,
0.48505208333333333,
0.48505208333333333,
0.48505208333333333,
0.48505208333333333,
0.48505208333333333,
0.48505208333333333,
0.48505208333333333,
0.48505208333333333,
0.48505208333333333,
0.48505208333333333,
0.48505208333333333,
0.48505208333333333,
0.48505208333333333,
0.48505208333333333,
0.48505208333333333,
0.48505208333333333,
0.48505208333333333,
0.48505208333333333,
0.48505208333333333,
0.48505208333333333,
0.48505208333333333,
0.48505208333333333,
0.48505208333333333,
0.48505208333333333,
0.48505208333333333,
0.48505208333333333,
0.48505208333333333,
0.48505208333333333,
0.48505208333333333,
0.48505208333333333,
0.48505208333333333,
0.48505208333333333,
0.48505208333333333,
1.0,
1.0,
1.0,
1.0,
1.0,
1.0,
1.0,
1.0,
1.0,
1.0,
1.0,
1.0,
1.0,
1.0,
1.0,
1.0,
1.0,
1.0,
1.0,
1.0,
1.0,
1.0,
1.0,
1.0,
1.0,
1.0,
1.0,
1.0,
1.0,
1.0,
1.0,
1.0,
1.0,
1.0,
1.0,
1.0,
1.0,
1.0,
1.0,
1.0,
1.0,
1.0,
1.0,
1.0,
1.0,
1.0,
1.0,
1.0,
1.0,
1.0,
1.0,
1.0,
1.0,
1.0,
1.0,
1.0,
1.0,
1.0,
1.0,
1.0,
1.0,
1.0,
1.0,
1.0,
1.0,
1.0,
1.0,
1.0,
1.0,
1.0,
1.0,
1.0,
1.0,
1.0,
1.0,
1.0,
1.0,
1.0,
1.0,
1.0,
1.0,
1.0,
1.0,
1.0,
1.0,
1.0,
1.0,
1.0,
1.0,
1.0,
1.0,
1.0,
1.0,
1.0,
1.0,
1.0,
1.0,
1.0,
1.0,
1.0,
1.0,
1.0,
1.0,
1.0,
1.0,
1.0,
1.0,
1.0,
1.0,
1.0,
1.0,
1.0,
1.0,
1.0,
1.0,
1.0,
1.0,
1.0,
1.0,
1.0,
1.0,
*** V ***
3.2552083333333335E-6,
4.850260416666667E-4,
0.004228515625,
0.007177734375,
0.016259765625,
0.030214843749999998,
0.04144205729166667,
0.056591796875,
0.06788411458333334,
0.08641276041666666,
0.1014453125,
0.12447591145833332,
0.14099283854166667,
0.16638997395833333,
0.18550455729166665,
0.21068033854166665,
0.23229166666666665,
0.24510742187499998,
0.2607845052083333,
0.26852213541666664,
0.27616210937499996,
0.2799576822916666,
0.2846321614583333,
0.2873958333333333,
0.2911881510416666,
0.2949055989583333,
0.29712890624999994,
0.3002994791666666,
0.3024772135416666,
0.30558268229166663,
0.3077897135416666,
0.31147460937499993,
0.3137369791666666,
0.31734700520833325,
0.3196093749999999,
0.32310221354166657,
0.3261751302083332,
0.3282910156249999,
0.33153645833333323,
0.33353841145833324,
0.3367675781249999,
0.33899088541666655,
0.3423242187499999,
0.34476888020833324,
0.3484374999999999,
0.35195638020833325,
0.3545410156249999,
0.3585058593749999,
0.36136067708333325,
0.36655598958333324,
0.3701464843749999,
0.37587239583333326,
0.37951171874999995,
0.3851529947916666,
0.3887272135416666,
0.3939127604166666,
0.39914062499999997,
0.40312499999999996,
0.4090006510416666,
0.41309895833333327,
0.4200748697916666,
0.4249967447916666,
0.43348958333333326,
0.43940429687499993,
0.4490006510416666,
0.45995442708333323,
0.4681705729166666,
0.48198567708333323,
0.4905045572916666,
0.5025846354166665,
0.5102278645833332,
0.5211979166666666,
0.5293587239583333,
0.5432845052083333,
0.5545442708333332,
0.5773404947916666,
0.6121874999999999,
0.6429329427083332,
0.7034928385416666,
0.7465234374999998,
0.8084244791666665,
0.8508886718749998,
0.9134374999999998,
0.9487434895833331,
0.9842382812499998,
0.9978157552083331,
0.9995475260416664,
0.9999707031249997,
0.9999902343749997,
0.9999999999999997,
0.9999999999999997,
0.9999999999999997,
0.9999999999999997,
0.9999999999999997,
0.9999999999999997,
0.9999999999999997,
0.9999999999999997,
0.9999999999999997,
0.9999999999999997,
0.9999999999999997,
0.9999999999999997,
*** S ***
0.005224609375,
0.006829427083333333,
0.011266276041666665,
0.021344401041666666,
0.07900716145833334,
0.25872721354166667,
0.4884114583333333,
0.5595735677083333,
0.570185546875,
0.5723860677083333,
0.5740657552083334,
0.5756803385416667,
0.577099609375,
0.5791569010416667,
0.581376953125,
0.5834700520833334,
0.58466796875,
0.5873111979166667,
0.5903190104166668,
0.5923600260416668,
0.5955664062500001,
0.5982356770833335,
0.6008919270833335,
0.6039322916666668,
0.6067936197916668,
0.6110839843750001,
0.6155338541666667,
0.6197526041666668,
0.6252929687500001,
0.6335091145833334,
0.6407552083333333,
0.6505989583333334,
0.6608756510416667,
0.6766471354166667,
0.684033203125,
0.6967610677083333,
0.7092903645833334,
0.7198600260416668,
0.7367220052083334,
0.7500944010416668,
0.7637337239583335,
0.7762988281250002,
0.7870442708333335,
0.7955826822916668,
0.8043554687500002,
0.8123144531250002,
0.8196451822916668,
0.8265820312500002,
0.8333984375000002,
0.8381380208333336,
0.8462727864583336,
0.8502897135416669,
0.8549316406250003,
0.8586067708333336,
0.8623990885416669,
0.8664583333333336,
0.8699641927083336,
0.873453776041667,
0.8772981770833336,
0.8812630208333335,
0.8859472656250001,
0.8896484375000001,
0.8929654947916668,
0.8976855468750001,
0.9022460937500001,
0.9054915364583335,
0.9082128906250001,
0.9122688802083334,
0.9141113281250001,
0.9170019531250001,
0.9180501302083335,
0.9214453125000002,
0.9218880208333335,
0.9240462239583336,
0.9245605468750002,
0.9277115885416669,
0.9297363281250003,
0.930817057291667,
0.932486979166667,
0.9374934895833337,
0.9389583333333337,
0.9430891927083337,
0.9479817708333337,
0.9540559895833337,
0.9615039062500004,
0.9662337239583337,
0.974322916666667,
0.979371744791667,
0.9860481770833337,
0.990563151041667,
0.9938053385416671,
0.9962988281250004,
0.9975488281250003,
0.9989192708333337,
0.9993261718750003,
0.9998209635416669,
0.9998763020833336,
0.9999446614583336,
0.9999934895833336,
0.9999934895833336,
1.0000000000000002,
*** H ***
0.430419921875,
0.430419921875,
0.430419921875,
0.430419921875,
0.430419921875,
0.430419921875,
0.430419921875,
0.430419921875,
0.430419921875,
0.430419921875,
0.430419921875,
0.430419921875,
0.430419921875,
0.430419921875,
0.430419921875,
0.430419921875,
0.430419921875,
0.430419921875,
0.430419921875,
0.430419921875,
0.430419921875,
0.430419921875,
0.430419921875,
0.430419921875,
0.430419921875,
0.430419921875,
0.430419921875,
0.430419921875,
0.430419921875,
0.430419921875,
0.430419921875,
0.430419921875,
0.430419921875,
0.430419921875,
0.430419921875,
0.430419921875,
0.430419921875,
0.430419921875,
0.430419921875,
0.430419921875,
0.430419921875,
0.430419921875,
0.430419921875,
0.430419921875,
0.430419921875,
0.430419921875,
0.430419921875,
0.430419921875,
0.430419921875,
0.430419921875,
0.430419921875,
0.430419921875,
0.430419921875,
0.430419921875,
0.430419921875,
0.430419921875,
0.430419921875,
0.430419921875,
0.430419921875,
0.430419921875,
0.430419921875,
0.430419921875,
0.430419921875,
0.430419921875,
0.430419921875,
0.430419921875,
0.430419921875,
0.430419921875,
0.430419921875,
0.430419921875,
0.430419921875,
0.430419921875,
0.430419921875,
0.430419921875,
0.430419921875,
0.430419921875,
0.430419921875,
0.430419921875,
0.430419921875,
0.430419921875,
0.430419921875,
0.430419921875,
0.430419921875,
0.430419921875,
0.430419921875,
0.430419921875,
0.430419921875,
0.430419921875,
0.430419921875,
0.430419921875,
0.430419921875,
0.430419921875,
0.430419921875,
0.430419921875,
0.430419921875,
0.430419921875,
0.430419921875,
0.430419921875,
0.430419921875,
0.430419921875,
0.430419921875,
0.430419921875,
0.430419921875,
0.430419921875,
0.430419921875,
0.430419921875,
0.430419921875,
0.430419921875,
0.430419921875,
0.430419921875,
0.430419921875,
0.430419921875,
0.430419921875,
0.430419921875,
0.430419921875,
0.430419921875,
0.430419921875,
0.430419921875,
0.430419921875,
0.430419921875,
0.48505208333333333,
0.48505208333333333,
0.48505208333333333,
0.48505208333333333,
0.48505208333333333,
0.48505208333333333,
0.48505208333333333,
0.48505208333333333,
0.48505208333333333,
0.48505208333333333,
0.48505208333333333,
0.48505208333333333,
0.48505208333333333,
0.48505208333333333,
0.48505208333333333,
0.48505208333333333,
0.48505208333333333,
0.48505208333333333,
0.48505208333333333,
0.48505208333333333,
0.48505208333333333,
0.48505208333333333,
0.48505208333333333,
0.48505208333333333,
0.48505208333333333,
0.48505208333333333,
0.48505208333333333,
0.48505208333333333,
0.48505208333333333,
0.48505208333333333,
0.48505208333333333,
0.48505208333333333,
0.48505208333333333,
0.48505208333333333,
0.48505208333333333,
0.48505208333333333,
0.48505208333333333,
0.48505208333333333,
0.48505208333333333,
0.48505208333333333,
0.48505208333333333,
0.48505208333333333,
0.48505208333333333,
0.48505208333333333,
0.48505208333333333,
0.48505208333333333,
0.48505208333333333,
0.48505208333333333,
0.48505208333333333,
0.48505208333333333,
0.48505208333333333,
0.48505208333333333,
0.48505208333333333,
0.48505208333333333,
0.48505208333333333,
0.48505208333333333,
0.48505208333333333,
0.48505208333333333,
0.48505208333333333,
0.48505208333333333,
0.48505208333333333,
0.48505208333333333,
0.48505208333333333,
0.48505208333333333,
0.48505208333333333,
0.48505208333333333,
0.48505208333333333,
0.48505208333333333,
0.48505208333333333,
0.48505208333333333,
0.48505208333333333,
0.48505208333333333,
0.48505208333333333,
0.48505208333333333,
0.48505208333333333,
0.48505208333333333,
0.48505208333333333,
0.48505208333333333,
0.48505208333333333,
0.48505208333333333,
0.48505208333333333,
0.48505208333333333,
0.48505208333333333,
0.48505208333333333,
0.48505208333333333,
0.48505208333333333,
0.48505208333333333,
0.48505208333333333,
0.48505208333333333,
0.48505208333333333,
0.48505208333333333,
0.48505208333333333,
0.48505208333333333,
0.48505208333333333,
0.48505208333333333,
0.48505208333333333,
0.48505208333333333,
0.48505208333333333,
0.48505208333333333,
0.48505208333333333,
0.48505208333333333,
0.48505208333333333,
0.48505208333333333,
0.48505208333333333,
0.48505208333333333,
0.48505208333333333,
0.48505208333333333,
0.48505208333333333,
0.48505208333333333,
0.48505208333333333,
0.48505208333333333,
0.48505208333333333,
0.48505208333333333,
0.48505208333333333,
0.48505208333333333,
0.48505208333333333,
0.48505208333333333,
0.48505208333333333,
0.48505208333333333,
0.48505208333333333,
1.0,
1.0,
1.0,
1.0,
1.0,
1.0,
1.0,
1.0,
1.0,
1.0,
1.0,
1.0,
1.0,
1.0,
1.0,
1.0,
1.0,
1.0,
1.0,
1.0,
1.0,
1.0,
1.0,
1.0,
1.0,
1.0,
1.0,
1.0,
1.0,
1.0,
1.0,
1.0,
1.0,
1.0,
1.0,
1.0,
1.0,
1.0,
1.0,
1.0,
1.0,
1.0,
1.0,
1.0,
1.0,
1.0,
1.0,
1.0,
1.0,
1.0,
1.0,
1.0,
1.0,
1.0,
1.0,
1.0,
1.0,
1.0,
1.0,
1.0,
1.0,
1.0,
1.0,
1.0,
1.0,
1.0,
1.0,
1.0,
1.0,
1.0,
1.0,
1.0,
1.0,
1.0,
1.0,
1.0,
1.0,
1.0,
1.0,
1.0,
1.0,
1.0,
1.0,
1.0,
1.0,
1.0,
1.0,
1.0,
1.0,
1.0,
1.0,
1.0,
1.0,
1.0,
1.0,
1.0,
1.0,
1.0,
1.0,
1.0,
1.0,
1.0,
1.0,
1.0,
1.0,
1.0,
1.0,
1.0,
1.0,
1.0,
1.0,
1.0,
1.0,
1.0,
1.0,
1.0,
1.0,
1.0,
1.0,
1.0,
1.0,
*** V ***
3.2552083333333335E-6,
4.850260416666667E-4,
0.004228515625,
0.007177734375,
0.016259765625,
0.030214843749999998,
0.04144205729166667,
0.056591796875,
0.06788411458333334,
0.08641276041666666,
0.1014453125,
0.12447591145833332,
0.14099283854166667,
0.16638997395833333,
0.18550455729166665,
0.21068033854166665,
0.23229166666666665,
0.24510742187499998,
0.2607845052083333,
0.26852213541666664,
0.27616210937499996,
0.2799576822916666,
0.2846321614583333,
0.2873958333333333,
0.2911881510416666,
0.2949055989583333,
0.29712890624999994,
0.3002994791666666,
0.3024772135416666,
0.30558268229166663,
0.3077897135416666,
0.31147460937499993,
0.3137369791666666,
0.31734700520833325,
0.3196093749999999,
0.32310221354166657,
0.3261751302083332,
0.3282910156249999,
0.33153645833333323,
0.33353841145833324,
0.3367675781249999,
0.33899088541666655,
0.3423242187499999,
0.34476888020833324,
0.3484374999999999,
0.35195638020833325,
0.3545410156249999,
0.3585058593749999,
0.36136067708333325,
0.36655598958333324,
0.3701464843749999,
0.37587239583333326,
0.37951171874999995,
0.3851529947916666,
0.3887272135416666,
0.3939127604166666,
0.39914062499999997,
0.40312499999999996,
0.4090006510416666,
0.41309895833333327,
0.4200748697916666,
0.4249967447916666,
0.43348958333333326,
0.43940429687499993,
0.4490006510416666,
0.45995442708333323,
0.4681705729166666,
0.48198567708333323,
0.4905045572916666,
0.5025846354166665,
0.5102278645833332,
0.5211979166666666,
0.5293587239583333,
0.5432845052083333,
0.5545442708333332,
0.5773404947916666,
0.6121874999999999,
0.6429329427083332,
0.7034928385416666,
0.7465234374999998,
0.8084244791666665,
0.8508886718749998,
0.9134374999999998,
0.9487434895833331,
0.9842382812499998,
0.9978157552083331,
0.9995475260416664,
0.9999707031249997,
0.9999902343749997,
0.9999999999999997,
0.9999999999999997,
0.9999999999999997,
0.9999999999999997,
0.9999999999999997,
0.9999999999999997,
0.9999999999999997,
0.9999999999999997,
0.9999999999999997,
0.9999999999999997,
0.9999999999999997,
0.9999999999999997,
*** S ***
0.005224609375,
0.006829427083333333,
0.011266276041666665,
0.021344401041666666,
0.07900716145833334,
0.25872721354166667,
0.4884114583333333,
0.5595735677083333,
0.570185546875,
0.5723860677083333,
0.5740657552083334,
0.5756803385416667,
0.577099609375,
0.5791569010416667,
0.581376953125,
0.5834700520833334,
0.58466796875,
0.5873111979166667,
0.5903190104166668,
0.5923600260416668,
0.5955664062500001,
0.5982356770833335,
0.6008919270833335,
0.6039322916666668,
0.6067936197916668,
0.6110839843750001,
0.6155338541666667,
0.6197526041666668,
0.6252929687500001,
0.6335091145833334,
0.6407552083333333,
0.6505989583333334,
0.6608756510416667,
0.6766471354166667,
0.684033203125,
0.6967610677083333,
0.7092903645833334,
0.7198600260416668,
0.7367220052083334,
0.7500944010416668,
0.7637337239583335,
0.7762988281250002,
0.7870442708333335,
0.7955826822916668,
0.8043554687500002,
0.8123144531250002,
0.8196451822916668,
0.8265820312500002,
0.8333984375000002,
0.8381380208333336,
0.8462727864583336,
0.8502897135416669,
0.8549316406250003,
0.8586067708333336,
0.8623990885416669,
0.8664583333333336,
0.8699641927083336,
0.873453776041667,
0.8772981770833336,
0.8812630208333335,
0.8859472656250001,
0.8896484375000001,
0.8929654947916668,
0.8976855468750001,
0.9022460937500001,
0.9054915364583335,
0.9082128906250001,
0.9122688802083334,
0.9141113281250001,
0.9170019531250001,
0.9180501302083335,
0.9214453125000002,
0.9218880208333335,
0.9240462239583336,
0.9245605468750002,
0.9277115885416669,
0.9297363281250003,
0.930817057291667,
0.932486979166667,
0.9374934895833337,
0.9389583333333337,
0.9430891927083337,
0.9479817708333337,
0.9540559895833337,
0.9615039062500004,
0.9662337239583337,
0.974322916666667,
0.979371744791667,
0.9860481770833337,
0.990563151041667,
0.9938053385416671,
0.9962988281250004,
0.9975488281250003,
0.9989192708333337,
0.9993261718750003,
0.9998209635416669,
0.9998763020833336,
0.9999446614583336,
0.9999934895833336,
0.9999934895833336,
1.0000000000000002,
