*** Red ***
0.25,
0.25000325520833333,
0.250107421875,
0.25060546875,
0.25155273437500003,
0.2529752604166667,
0.25438802083333334,
0.2557454427083333,
0.2574609375,
0.2597981770833333,
0.26277018229166665,
0.266591796875,
0.27033854166666665,
0.27480143229166665,
0.27988281249999997,
0.2846321614583333,
0.28964843749999997,
0.2945345052083333,
0.2986555989583333,
0.3030110677083333,
0.3079427083333333,
0.313193359375,
0.31856119791666665,
0.32388671874999997,
0.3298307291666666,
0.3363606770833333,
0.34321289062499993,
0.3501171874999999,
0.3569010416666666,
0.36316406249999994,
0.3699381510416666,
0.37764973958333325,
0.3852506510416666,
0.3924837239583333,
0.40024088541666664,
0.4087467447916666,
0.41739908854166663,
0.425869140625,
0.4334765625,
0.44048177083333334,
0.4474283854166667,
0.45422526041666667,
0.46109700520833335,
0.46767578125000003,
0.4735026041666667,
0.479052734375,
0.48403645833333336,
0.48869140625,
0.49283528645833335,
0.4961783854166667,
0.49916015625000004,
0.5014876302083334,
0.5035188802083335,
0.5054003906250001,
0.5071647135416667,
0.5087272135416667,
0.51021484375,
0.5116634114583334,
0.5129720052083334,
0.5143359375000001,
0.5156119791666667,
0.5168880208333333,
0.5180273437499999,
0.5193131510416666,
0.5204622395833333,
0.5216569010416666,
0.5227897135416666,
0.523828125,
0.5248828125,
0.5258984375,
0.5269498697916667,
0.5280403645833334,
0.5291080729166667,
0.5300813802083334,
0.5311263020833334,
0.5322005208333335,
0.5332486979166668,
0.5343717447916668,
0.5355631510416669,
0.5367024739583335,
0.5380371093750002,
0.5390885416666669,
0.5402799479166669,
0.5414680989583336,
0.5426562500000003,
0.543883463541667,
0.5450065104166669,
0.5461621093750002,
0.5473437500000002,
0.5485677083333336,
0.5496712239583336,
0.5506770833333335,
0.5517024739583335,
0.5527441406250002,
0.5537760416666668,
0.5548697916666668,
0.5559570312500002,
0.5570019531250002,
0.5581119791666669,
0.5591080729166669,
0.5601302083333335,
0.5612044270833335,
0.5622102864583335,
0.5633170572916668,
0.5643326822916668,
0.5655436197916668,
0.5665983072916668,
0.5677343750000001,
0.5689290364583335,
0.5701497395833335,
0.5713248697916669,
0.5725618489583335,
0.5737825520833335,
0.5750227864583335,
0.5762662760416668,
0.5774218750000001,
0.5786621093750001,
0.5799381510416667,
0.5812923177083333,
0.5827083333333334,
0.584072265625,
0.5854850260416667,
0.5869108072916668,
0.5885123697916668,
0.5903222656250001,
0.5921061197916668,
0.5938281250000002,
0.5954882812500002,
0.5973925781250002,
0.5991699218750003,
0.6009993489583336,
0.603024088541667,
0.6049055989583336,
0.606861979166667,
0.6088216145833336,
0.6108105468750002,
0.6128092447916669,
0.6147395833333336,
0.6166569010416669,
0.618570963541667,
0.6204557291666669,
0.6223209635416669,
0.6242024739583335,
0.6260839843750001,
0.6280208333333335,
0.6300032552083334,
0.6322005208333334,
0.6344270833333334,
0.6363509114583334,
0.6385058593750002,
0.6405013020833334,
0.6427115885416668,
0.6448404947916667,
0.6471484375000001,
0.6495442708333334,
0.6519140625000001,
0.6542643229166667,
0.6567708333333334,
0.6592578125,
0.6617350260416667,
0.6640364583333334,
0.6661783854166667,
0.6683138020833334,
0.6703385416666667,
0.6725325520833334,
0.6746028645833334,
0.6765559895833334,
0.6784993489583334,
0.6803027343750001,
0.6821484375000001,
0.6840559895833335,
0.6858105468750001,
0.6873404947916668,
0.6889876302083334,
0.6907063802083334,
0.6926367187500001,
0.6945865885416668,
0.6968489583333335,
0.6993489583333334,
0.7020703125000001,
0.705517578125,
0.709658203125,
0.7148307291666667,
0.7212923177083334,
0.7287890625,
0.7368717447916666,
0.7451920572916666,
0.7540006510416666,
0.7631738281249999,
0.7728287760416666,
0.7826822916666666,
0.7934472656249999,
0.8045963541666665,
0.8161653645833332,
0.8291959635416666,
0.8441894531249999,
0.8612630208333333,
0.8796907552083333,
0.8976106770833333,
0.9160286458333333,
0.9335026041666666,
0.949443359375,
0.96345703125,
0.9752994791666667,
0.9845865885416667,
0.99171875,
0.9962044270833333,
0.998427734375,
0.999365234375,
0.999736328125,
0.9999251302083334,
0.9999739583333334,
0.9999869791666667,
0.9999934895833333,
1.0,
1.0,
1.0,
1.0,
1.0,
1.0,
1.0,
1.0,
1.0,
1.0,
1.0,
1.0,
1.0,
1.0,
1.0,
1.0,
1.0,
1.0,
1.0,
1.0,
1.0,
1.0,
1.0,
1.0,
1.0,
1.0,
1.0,
1.0,
1.0,
1.0,
1.0,
1.0,
1.0,
1.0,
1.0,
1.0,
1.0,
1.0,
1.0,
1.0,
1.0,
1.0,
*** Green ***
0.25,
0.2501529947916667,
0.2514453125,
0.2586588541666667,
0.2800520833333333,
0.30883138020833334,
0.329462890625,
0.34029296875,
0.34566080729166665,
0.3489811197916666,
0.351884765625,
0.35520182291666663,
0.3588118489583333,
0.3628450520833333,
0.36721354166666664,
0.37177408854166666,
0.3764290364583333,
0.3817024739583333,
0.3876692708333333,
0.3945182291666666,
0.4017936197916666,
0.40912109374999994,
0.4163216145833333,
0.42371093749999994,
0.43091796874999994,
0.4379654947916666,
0.4454654947916666,
0.45271809895833326,
0.45955078124999993,
0.4661035156249999,
0.47229166666666655,
0.47822916666666654,
0.4839648437499999,
0.4894531249999999,
0.4941503906249999,
0.4982454427083332,
0.5019075520833332,
0.5051367187499998,
0.5081022135416664,
0.5108821614583331,
0.5133691406249997,
0.515745442708333,
0.5178515624999996,
0.519895833333333,
0.5217643229166663,
0.523909505208333,
0.5259147135416663,
0.5282584635416663,
0.5302376302083329,
0.5322233072916662,
0.5341406249999996,
0.5359342447916663,
0.5378027343749996,
0.5394986979166663,
0.5410221354166662,
0.5425585937499996,
0.5440234374999996,
0.5454134114583329,
0.5467545572916662,
0.5481966145833329,
0.5496516927083329,
0.5510611979166663,
0.5523242187499996,
0.5536718749999996,
0.5550130208333329,
0.5562272135416663,
0.5575944010416662,
0.5589192708333329,
0.5601855468749996,
0.5614322916666662,
0.5626497395833329,
0.5638378906249996,
0.5649446614583329,
0.5659570312499995,
0.5670638020833328,
0.5680501302083328,
0.5691308593749995,
0.5702701822916662,
0.5713736979166661,
0.5724934895833328,
0.5736523437499994,
0.5747656249999994,
0.5759082031249994,
0.5769856770833327,
0.5780891927083327,
0.5791992187499994,
0.5803450520833326,
0.5815820312499993,
0.5827571614583327,
0.5839746093749993,
0.5852148437499993,
0.586481119791666,
0.587779947916666,
0.5891829427083326,
0.590738932291666,
0.5924544270833326,
0.5941699218749993,
0.596207682291666,
0.598356119791666,
0.6004524739583327,
0.6025944010416661,
0.6046809895833327,
0.6065885416666661,
0.6085416666666661,
0.6102180989583328,
0.6117805989583328,
0.6133593749999995,
0.6149414062499995,
0.6165885416666661,
0.6182845052083328,
0.6200553385416662,
0.6218033854166661,
0.6235807291666662,
0.6254329427083328,
0.6272721354166662,
0.6291080729166662,
0.6309602864583328,
0.6330566406249994,
0.6354134114583327,
0.6377180989583328,
0.6398730468749995,
0.6420377604166662,
0.6442350260416662,
0.6462011718749995,
0.6483593749999995,
0.6502604166666662,
0.6520214843749995,
0.6538509114583329,
0.6556315104166662,
0.6572786458333328,
0.6588346354166662,
0.6602539062499996,
0.6617285156249996,
0.6631119791666662,
0.6644531249999995,
0.6655436197916662,
0.6667317708333329,
0.6678222656249996,
0.6690234374999996,
0.670198567708333,
0.6712467447916663,
0.6723795572916663,
0.6733984374999996,
0.6741634114583329,
0.6748144531249995,
0.6754687499999995,
0.6760449218749995,
0.6765332031249995,
0.6770605468749995,
0.6776334635416662,
0.6782031249999996,
0.6788020833333329,
0.6794889322916663,
0.680091145833333,
0.6806087239583329,
0.681282552083333,
0.6819531249999996,
0.6824999999999996,
0.6831998697916662,
0.6837825520833329,
0.6844498697916662,
0.6850292968749996,
0.6856380208333329,
0.6861881510416663,
0.686692708333333,
0.6872460937499997,
0.687747395833333,
0.6881901041666664,
0.688597005208333,
0.6890527343749997,
0.6894628906249997,
0.6898730468749996,
0.6902766927083329,
0.6907389322916663,
0.691204427083333,
0.6916308593749996,
0.6921321614583329,
0.6926334635416662,
0.6932194010416662,
0.6939322916666663,
0.6947851562499996,
0.6957779947916662,
0.6969824218749996,
0.6983756510416662,
0.6999479166666662,
0.7016731770833329,
0.7034960937499996,
0.7056412760416663,
0.7082454427083329,
0.7116536458333329,
0.7158040364583329,
0.7210611979166662,
0.7271419270833329,
0.7339973958333329,
0.7411393229166663,
0.7492285156249996,
0.7578678385416663,
0.7676529947916663,
0.778255208333333,
0.7896158854166663,
0.8016992187499996,
0.8148404947916663,
0.829837239583333,
0.8468847656249997,
0.8676009114583331,
0.8905110677083331,
0.9137565104166664,
0.9354394531249998,
0.9555338541666665,
0.9727180989583332,
0.9856640624999998,
0.9935188802083331,
0.9973470052083331,
0.9989713541666664,
0.999641927083333,
0.999876302083333,
0.9999479166666664,
0.9999869791666663,
0.9999999999999997,
0.9999999999999997,
0.9999999999999997,
0.9999999999999997,
0.9999999999999997,
0.9999999999999997,
0.9999999999999997,
0.9999999999999997,
0.9999999999999997,
0.9999999999999997,
0.9999999999999997,
0.9999999999999997,
0.9999999999999997,
0.9999999999999997,
0.9999999999999997,
0.9999999999999997,
0.9999999999999997,
0.9999999999999997,
0.9999999999999997,
0.9999999999999997,
0.9999999999999997,
0.9999999999999997,
0.9999999999999997,
0.9999999999999997,
0.9999999999999997,
0.9999999999999997,
0.9999999999999997,
0.9999999999999997,
0.9999999999999997,
0.9999999999999997,
0.9999999999999997,
0.9999999999999997,
0.9999999999999997,
0.9999999999999997,
0.9999999999999997,
0.9999999999999997,
0.9999999999999997,
0.9999999999999997,
*** Blue ***
0.25000651041666666,
0.2500325520833333,
0.25019205729166666,
0.251103515625,
0.25326171875,
0.2572395833333333,
0.2630859375,
0.27111979166666667,
0.2809602864583333,
0.29238932291666664,
0.3040657552083333,
0.31653320312499994,
0.33098632812499995,
0.3464322916666666,
0.3625651041666666,
0.3787499999999999,
0.3941894531249999,
0.4072753906249999,
0.41852213541666655,
0.42841471354166655,
0.4368880208333332,
0.44485351562499986,
0.4522688802083332,
0.45961588541666654,
0.4669173177083332,
0.4738671874999999,
0.4808886718749999,
0.48803385416666656,
0.4949023437499999,
0.5012565104166666,
0.507333984375,
0.5123763020833333,
0.5167252604166667,
0.5204264322916666,
0.5239095052083333,
0.5268880208333333,
0.529912109375,
0.5323990885416666,
0.535029296875,
0.5373567708333333,
0.5398697916666667,
0.5420735677083334,
0.544189453125,
0.5463932291666667,
0.5484765625,
0.5503125,
0.5522265625,
0.554140625,
0.5559570312500001,
0.5576822916666667,
0.5594694010416668,
0.561357421875,
0.5631119791666667,
0.564599609375,
0.5658984375,
0.5672623697916667,
0.5686328125,
0.5701236979166666,
0.5715983072916666,
0.5729850260416666,
0.57439453125,
0.57595703125,
0.57751953125,
0.5790983072916667,
0.5806022135416666,
0.582197265625,
0.5838932291666666,
0.5856575520833333,
0.5874739583333333,
0.5893652343749999,
0.5913020833333332,
0.5933593749999999,
0.5955696614583332,
0.5974902343749999,
0.5994498697916666,
0.6013085937499999,
0.6032356770833333,
0.6049934895833332,
0.6067773437499999,
0.6086067708333333,
0.6102962239583333,
0.6119108072916666,
0.6134375,
0.6149446614583333,
0.6163997395833333,
0.6180143229166666,
0.6195865885416666,
0.6210351562499999,
0.6227278645833333,
0.6242936197916666,
0.6258821614583333,
0.6275651041666667,
0.6292805989583333,
0.631015625,
0.6329264322916667,
0.6347493489583333,
0.6365690104166667,
0.6384016927083334,
0.6403776041666667,
0.64236328125,
0.6441536458333333,
0.6458854166666667,
0.6475260416666666,
0.6490983072916666,
0.6505598958333333,
0.6519401041666666,
0.6531901041666666,
0.6541829427083332,
0.6552213541666666,
0.6562239583333332,
0.6571321614583332,
0.6579817708333332,
0.6588411458333332,
0.6596614583333332,
0.6604459635416665,
0.6613411458333331,
0.6623372395833331,
0.6632226562499998,
0.6639746093749997,
0.6645507812499998,
0.6651399739583331,
0.6656673177083331,
0.6662011718749997,
0.666712239583333,
0.6672233072916663,
0.6676725260416664,
0.6681705729166664,
0.6685644531249997,
0.6689746093749996,
0.6692708333333329,
0.669583333333333,
0.6699283854166663,
0.6702018229166663,
0.6705338541666663,
0.6708691406249997,
0.6712369791666664,
0.6716080729166664,
0.6720019531249997,
0.6724088541666663,
0.6727994791666663,
0.6731835937499996,
0.6736490885416663,
0.674085286458333,
0.6745768229166663,
0.675091145833333,
0.6755533854166663,
0.6760221354166663,
0.676497395833333,
0.6769694010416664,
0.6775390624999997,
0.6780761718749997,
0.6786197916666663,
0.679222005208333,
0.6797493489583329,
0.6802864583333329,
0.6808235677083329,
0.6813085937499995,
0.6817838541666662,
0.6823177083333328,
0.6829134114583328,
0.6835904947916662,
0.6842447916666662,
0.6847819010416661,
0.6853417968749995,
0.6858333333333329,
0.6863444010416662,
0.6868294270833328,
0.6872786458333329,
0.6877506510416662,
0.6881380208333329,
0.6884863281249995,
0.6889192708333329,
0.6893457031249995,
0.6897200520833329,
0.6902473958333328,
0.6907291666666662,
0.6911686197916662,
0.6916503906249996,
0.6920605468749995,
0.6924934895833329,
0.6929134114583329,
0.6934407552083328,
0.6939680989583328,
0.6946516927083328,
0.6954947916666662,
0.6965364583333329,
0.6977018229166663,
0.6990006510416663,
0.700696614583333,
0.702434895833333,
0.704593098958333,
0.707288411458333,
0.7107617187499996,
0.7151269531249996,
0.7205403645833329,
0.7270898437499996,
0.7345865885416663,
0.7426790364583329,
0.7516048177083329,
0.7612076822916662,
0.7718294270833329,
0.7826432291666663,
0.7939029947916663,
0.8059733072916663,
0.8184505208333329,
0.8314811197916663,
0.8459440104166662,
0.861995442708333,
0.8795833333333329,
0.8970377604166663,
0.915305989583333,
0.9323535156249997,
0.9490722656249997,
0.963460286458333,
0.9750097656249997,
0.9842447916666665,
0.9910742187499998,
0.9952180989583331,
0.9978157552083331,
0.9989778645833332,
0.9995475260416665,
0.9998470052083331,
0.9999251302083332,
0.9999707031249998,
0.9999804687499998,
0.9999902343749998,
0.9999999999999998,
0.9999999999999998,
0.9999999999999998,
0.9999999999999998,
0.9999999999999998,
0.9999999999999998,
0.9999999999999998,
0.9999999999999998,
0.9999999999999998,
0.9999999999999998,
0.9999999999999998,
0.9999999999999998,
0.9999999999999998,
0.9999999999999998,
0.9999999999999998,
0.9999999999999998,
0.9999999999999998,
0.9999999999999998,
0.9999999999999998,
0.9999999999999998,
0.9999999999999998,
0.9999999999999998,
0.9999999999999998,
0.9999999999999998,
0.9999999999999998,
0.9999999999999998,
0.9999999999999998,
0.9999999999999998,
0.9999999999999998,
0.9999999999999998,
