*** H ***
0.24330729166666668,
0.24330729166666668,
0.24330729166666668,
0.24330729166666668,
0.24330729166666668,
0.24330729166666668,
0.24330729166666668,
0.24330729166666668,
0.24330729166666668,
0.24330729166666668,
0.24330729166666668,
0.24330729166666668,
0.24330729166666668,
0.24330729166666668,
0.24330729166666668,
0.24330729166666668,
0.24330729166666668,
0.24330729166666668,
0.24330729166666668,
0.24330729166666668,
0.24330729166666668,
0.24330729166666668,
0.24330729166666668,
0.24330729166666668,
0.24330729166666668,
0.24330729166666668,
0.24330729166666668,
0.24330729166666668,
0.24330729166666668,
0.24330729166666668,
0.24330729166666668,
0.24330729166666668,
0.24330729166666668,
0.24330729166666668,
0.24330729166666668,
0.24330729166666668,
0.24330729166666668,
0.24330729166666668,
0.24330729166666668,
0.24330729166666668,
0.24330729166666668,
0.24330729166666668,
0.24330729166666668,
0.24330729166666668,
0.24330729166666668,
0.24330729166666668,
0.24330729166666668,
0.24330729166666668,
0.24330729166666668,
0.24330729166666668,
0.24330729166666668,
0.24330729166666668,
0.24330729166666668,
0.24330729166666668,
0.24330729166666668,
0.24330729166666668,
0.24330729166666668,
0.24330729166666668,
0.24330729166666668,
0.24330729166666668,
0.24330729166666668,
0.24330729166666668,
0.24330729166666668,
0.24330729166666668,
0.24330729166666668,
0.24330729166666668,
0.24330729166666668,
0.24330729166666668,
0.24330729166666668,
0.24330729166666668,
0.24330729166666668,
0.24330729166666668,
0.24330729166666668,
0.24330729166666668,
0.24330729166666668,
0.24330729166666668,
0.24330729166666668,
0.24330729166666668,
0.24330729166666668,
0.24330729166666668,
0.24330729166666668,
0.24330729166666668,
0.24330729166666668,
0.24330729166666668,
0.24330729166666668,
0.24330729166666668,
0.24330729166666668,
0.24330729166666668,
0.24330729166666668,
0.24330729166666668,
0.24330729166666668,
0.24330729166666668,
0.24330729166666668,
0.24330729166666668,
0.24330729166666668,
0.24330729166666668,
0.24330729166666668,
0.24330729166666668,
0.24330729166666668,
0.24330729166666668,
0.24330729166666668,
0.24330729166666668,
0.24330729166666668,
0.24330729166666668,
0.24330729166666668,
0.24330729166666668,
0.24330729166666668,
0.24330729166666668,
0.24330729166666668,
0.24330729166666668,
0.24330729166666668,
0.24330729166666668,
0.24330729166666668,
0.24330729166666668,
0.24330729166666668,
0.24330729166666668,
0.24330729166666668,
0.24330729166666668,
0.24330729166666668,
0.24330729166666668,
0.8165397135416667,
0.8165397135416667,
0.8165397135416667,
0.8165397135416667,
0.8165397135416667,
0.8165397135416667,
0.8165397135416667,
0.8165397135416667,
0.8165397135416667,
0.8165397135416667,
0.8165397135416667,
0.8165397135416667,
0.8165397135416667,
0.8165397135416667,
0.8165397135416667,
0.8165397135416667,
0.8165397135416667,
0.8165397135416667,
0.8165397135416667,
0.8165397135416667,
0.8165397135416667,
0.8165397135416667,
0.8165397135416667,
0.8165397135416667,
0.8165397135416667,
0.8165397135416667,
0.8165397135416667,
0.8165397135416667,
0.8165397135416667,
0.8165397135416667,
0.8165397135416667,
0.8165397135416667,
0.8165397135416667,
0.8165397135416667,
0.8165397135416667,
0.8165397135416667,
0.8165397135416667,
0.8165397135416667,
0.8165397135416667,
0.8165397135416667,
0.8165397135416667,
0.8165397135416667,
0.8165397135416667,
0.8165397135416667,
0.8165397135416667,
0.8165397135416667,
0.8165397135416667,
0.8165397135416667,
0.8165397135416667,
0.8165397135416667,
0.8165397135416667,
0.8165397135416667,
0.8165397135416667,
0.8165397135416667,
0.8165397135416667,
0.8165397135416667,
0.8165397135416667,
0.8165397135416667,
0.8165397135416667,
0.8165397135416667,
0.8165397135416667,
0.8165397135416667,
0.8165397135416667,
0.8165397135416667,
0.8165397135416667,
0.8165397135416667,
0.8165397135416667,
0.8165397135416667,
0.8165397135416667,
0.8165397135416667,
0.8165397135416667,
0.8165397135416667,
0.8165397135416667,
0.8165397135416667,
0.8165397135416667,
0.8165397135416667,
0.8165397135416667,
0.8165397135416667,
0.8165397135416667,
0.8165397135416667,
0.8165397135416667,
0.8165397135416667,
0.8165397135416667,
0.8165397135416667,
0.8165397135416667,
0.8165397135416667,
0.8165397135416667,
0.8165397135416667,
0.8165397135416667,
0.8165397135416667,
0.8165397135416667,
0.8165397135416667,
0.8165397135416667,
0.8165397135416667,
0.8165397135416667,
0.8165397135416667,
0.8165397135416667,
0.8165397135416667,
0.8165397135416667,
0.8165397135416667,
0.8165397135416667,
0.8165397135416667,
0.8165397135416667,
0.8165397135416667,
0.8165397135416667,
0.8165397135416667,
0.8165397135416667,
0.8165397135416667,
0.8165397135416667,
0.8165397135416667,
0.8165397135416667,
0.8165397135416667,
0.8165397135416667,
0.8165397135416667,
0.8165397135416667,
0.8165397135416667,
0.8165397135416667,
0.8165397135416667,
0.8165397135416667,
0.8165397135416667,
1.0,
1.0,
1.0,
1.0,
1.0,
1.0,
1.0,
1.0,
1.0,
1.0,
1.0,
1.0,
1.0,
1.0,
1.0,
1.0,
1.0,
1.0,
1.0,
1.0,
1.0,
1.0,
1.0,
1.0,
1.0,
1.0,
1.0,
1.0,
1.0,
1.0,
1.0,
1.0,
1.0,
1.0,
1.0,
1.0,
1.0,
1.0,
1.0,
1.0,
1.0,
1.0,
1.0,
1.0,
1.0,
1.0,
1.0,
1.0,
1.0,
1.0,
1.0,
1.0,
1.0,
1.0,
1.0,
1.0,
1.0,
1.0,
1.0,
1.0,
1.0,
1.0,
1.0,
1.0,
1.0,
1.0,
1.0,
1.0,
1.0,
1.0,
1.0,
1.0,
1.0,
1.0,
1.0,
1.0,
1.0,
1.0,
1.0,
1.0,
1.0,
1.0,
1.0,
1.0,
1.0,
1.0,
1.0,
1.0,
1.0,
1.0,
1.0,
1.0,
1.0,
1.0,
1.0,
1.0,
1.0,
1.0,
1.0,
1.0,
1.0,
1.0,
1.0,
1.0,
1.0,
1.0,
1.0,
1.0,
1.0,
1.0,
1.0,
1.0,
1.0,
1.0,
1.0,
1.0,
1.0,
1.0,
1.0,
1.0,
1.0,
*** V ***
0.0,
0.0,
3.2552083333333335E-6,
1.171875E-4,
8.333333333333333E-4,
0.0027571614583333333,
0.00541015625,
0.011865234375,
0.0169140625,
0.0241796875,
0.02807291666666667,
0.03205729166666667,
0.034127604166666665,
0.036923828125,
0.03849283854166667,
0.040693359375,
0.04251302083333333,
0.04366861979166666,
0.04533854166666666,
0.04646158854166666,
0.04813476562499999,
0.04922851562499999,
0.050921223958333324,
0.05225260416666666,
0.05424153645833333,
0.056249999999999994,
0.05776041666666666,
0.059915364583333325,
0.06149414062499999,
0.06480794270833333,
0.06771809895833333,
0.072705078125,
0.07615234375,
0.08134440104166667,
0.0851953125,
0.09151041666666666,
0.09814127604166667,
0.10238932291666666,
0.10852864583333333,
0.11289713541666666,
0.12062174479166665,
0.12722656249999997,
0.13682942708333332,
0.14333007812499998,
0.15332682291666666,
0.16339192708333333,
0.16982096354166668,
0.17963867187500002,
0.18628255208333336,
0.19807291666666668,
0.20627278645833336,
0.21764973958333336,
0.22582356770833337,
0.23842122395833337,
0.24729492187500005,
0.26278645833333336,
0.2831608072916667,
0.2998079427083334,
0.3341764322916667,
0.3591666666666667,
0.39972656250000005,
0.4301139322916667,
0.47767578125000004,
0.5129557291666667,
0.5784374999999999,
0.6647005208333333,
0.7216634114583333,
0.810615234375,
0.8685839843750001,
0.9410091145833334,
0.9787858072916666,
0.9988118489583333,
0.9998795572916667,
0.9999934895833333,
0.9999934895833333,
0.9999967447916667,
1.0,
1.0,
1.0,
1.0,
1.0,
1.0,
1.0,
1.0,
1.0,
1.0,
1.0,
1.0,
1.0,
1.0,
1.0,
1.0,
1.0,
1.0,
1.0,
1.0,
1.0,
1.0,
1.0,
1.0,
1.0,
*** S ***
0.002171223958333333,
0.031455078125,
0.12247395833333333,
0.4487923177083333,
0.5801562499999999,
0.5891015624999999,
0.5924088541666666,
0.5946647135416665,
0.5966276041666665,
0.5983626302083331,
0.6002246093749998,
0.6019173177083331,
0.6035091145833331,
0.6053027343749998,
0.6069563802083332,
0.6081217447916666,
0.6092675781249999,
0.6106998697916666,
0.6120930989583332,
0.6137076822916665,
0.6155501302083332,
0.6174511718749999,
0.6195475260416665,
0.6219498697916666,
0.6247428385416666,
0.6282617187499999,
0.632255859375,
0.6357584635416667,
0.640400390625,
0.6461360677083333,
0.6523828125,
0.65990234375,
0.6697819010416667,
0.682392578125,
0.699716796875,
0.7206315104166666,
0.7420865885416666,
0.760712890625,
0.777197265625,
0.7902734375,
0.802724609375,
0.8156868489583333,
0.8296712239583334,
0.8431966145833334,
0.8568424479166667,
0.8684472656250001,
0.8788411458333334,
0.88888671875,
0.8989029947916667,
0.9079459635416667,
0.9187141927083333,
0.9285709635416667,
0.9391308593750001,
0.9490266927083334,
0.9580371093750001,
0.9657194010416668,
0.9723372395833334,
0.9779492187500001,
0.9827994791666668,
0.98626953125,
0.9889420572916667,
0.9912011718750001,
0.9928873697916668,
0.9945149739583334,
0.9957389322916668,
0.9966861979166668,
0.9974446614583334,
0.9980891927083334,
0.9985579427083334,
0.9988444010416667,
0.9990755208333334,
0.9992578125,
0.999404296875,
0.9995279947916667,
0.999638671875,
0.9997428385416667,
0.99978515625,
0.9998470052083334,
0.99990234375,
0.9999283854166666,
0.9999707031249999,
0.9999902343749999,
0.9999902343749999,
0.9999967447916666,
0.9999999999999999,
0.9999999999999999,
0.9999999999999999,
0.9999999999999999,
0.9999999999999999,
0.9999999999999999,
0.9999999999999999,
0.9999999999999999,
0.9999999999999999,
0.9999999999999999,
0.9999999999999999,
0.9999999999999999,
0.9999999999999999,
0.9999999999999999,
0.9999999999999999,
0.9999999999999999,
0.9999999999999999,
