*** Red ***
0.25,
0.25,
0.25,
0.25,
0.25000325520833333,
0.25000651041666666,
0.250029296875,
0.250078125,
0.25018880208333333,
0.25037109375,
0.250673828125,
0.2510677083333333,
0.2516243489583333,
0.2522688802083333,
0.2533138020833333,
0.254482421875,
0.25615234374999996,
0.25819335937499993,
0.26024414062499995,
0.26253255208333326,
0.2649576822916666,
0.2675520833333333,
0.270087890625,
0.27247721354166665,
0.274716796875,
0.276708984375,
0.27859700520833336,
0.280078125,
0.2813671875,
0.2825065104166667,
0.283681640625,
0.284658203125,
0.2856705729166667,
0.2866666666666667,
0.2874967447916667,
0.28837890625,
0.2891080729166667,
0.28992838541666666,
0.290673828125,
0.291376953125,
0.2920377604166667,
0.29281575520833336,
0.293740234375,
0.294892578125,
0.29617187500000003,
0.29759765625,
0.2989453125,
0.30025390625,
0.30164713541666666,
0.3032096354166667,
0.30475260416666666,
0.306171875,
0.30767578125,
0.30911132812500003,
0.3104947916666667,
0.3119205729166667,
0.3132682291666667,
0.31469075520833334,
0.31608723958333335,
0.317509765625,
0.31886393229166665,
0.32016276041666664,
0.32162109375,
0.32293619791666667,
0.32419921875,
0.32560872395833335,
0.32705403645833336,
0.32842773437500006,
0.3298046875000001,
0.3312109375000001,
0.33275390625000006,
0.33430664062500004,
0.335908203125,
0.337626953125,
0.339521484375,
0.34154296875,
0.343681640625,
0.34625325520833333,
0.34883463541666665,
0.3514322916666667,
0.35443359375,
0.357177734375,
0.360302734375,
0.3635709635416667,
0.3668359375,
0.36990234375,
0.37337890625,
0.37674479166666663,
0.38047851562499996,
0.38400390624999997,
0.3878255208333333,
0.391787109375,
0.39592122395833335,
0.40022460937500004,
0.4050227864583334,
0.4102962239583334,
0.4163834635416667,
0.42308593750000006,
0.4300813802083334,
0.43771158854166675,
0.44541666666666674,
0.45311523437500006,
0.45994791666666673,
0.4663802083333334,
0.4724153645833334,
0.47859700520833337,
0.4840755208333334,
0.48931640625000006,
0.4943554687500001,
0.4996028645833334,
0.5045052083333335,
0.5093033854166668,
0.5138313802083334,
0.5179850260416667,
0.5217643229166667,
0.5253125000000001,
0.5286132812500001,
0.5317903645833334,
0.5350130208333334,
0.5384309895833334,
0.5416536458333333,
0.544951171875,
0.5480338541666666,
0.5511425781249999,
0.5544759114583332,
0.5578808593749999,
0.5613020833333332,
0.5646972656249999,
0.5676855468749998,
0.5705533854166664,
0.5733430989583331,
0.5760937499999998,
0.5786555989583332,
0.5810709635416665,
0.5833268229166665,
0.5857389322916665,
0.5881249999999999,
0.5903483072916665,
0.5926855468749999,
0.5949218749999998,
0.5970410156249998,
0.5990429687499997,
0.6012109374999998,
0.6034407552083331,
0.6058723958333331,
0.608489583333333,
0.611643880208333,
0.6147135416666664,
0.6182812499999997,
0.622268880208333,
0.6261263020833331,
0.6302018229166664,
0.634290364583333,
0.6387109374999996,
0.6430631510416663,
0.6480338541666664,
0.6536393229166664,
0.660227864583333,
0.6679980468749998,
0.6775455729166664,
0.6882682291666664,
0.7004069010416664,
0.7129752604166664,
0.7256087239583331,
0.7385319010416664,
0.751282552083333,
0.7649479166666664,
0.7793391927083331,
0.7946028645833331,
0.8116471354166664,
0.8307942708333331,
0.8520084635416665,
0.8747558593749998,
0.8972135416666664,
0.9178808593749997,
0.9380566406249997,
0.9564029947916663,
0.972893880208333,
0.9857128906249997,
0.993753255208333,
0.9979492187499996,
0.9994205729166663,
0.9998177083333329,
0.9999414062499996,
0.9999869791666662,
0.9999902343749996,
0.9999967447916662,
0.9999967447916662,
0.9999967447916662,
0.9999967447916662,
0.9999967447916662,
0.9999999999999996,
0.9999999999999996,
0.9999999999999996,
0.9999999999999996,
0.9999999999999996,
0.9999999999999996,
0.9999999999999996,
0.9999999999999996,
0.9999999999999996,
0.9999999999999996,
0.9999999999999996,
0.9999999999999996,
0.9999999999999996,
0.9999999999999996,
0.9999999999999996,
0.9999999999999996,
0.9999999999999996,
0.9999999999999996,
0.9999999999999996,
0.9999999999999996,
0.9999999999999996,
0.9999999999999996,
0.9999999999999996,
0.9999999999999996,
0.9999999999999996,
0.9999999999999996,
0.9999999999999996,
0.9999999999999996,
0.9999999999999996,
0.9999999999999996,
0.9999999999999996,
0.9999999999999996,
0.9999999999999996,
0.9999999999999996,
0.9999999999999996,
0.9999999999999996,
0.9999999999999996,
0.9999999999999996,
0.9999999999999996,
0.9999999999999996,
0.9999999999999996,
0.9999999999999996,
0.9999999999999996,
0.9999999999999996,
0.9999999999999996,
0.9999999999999996,
0.9999999999999996,
0.9999999999999996,
0.9999999999999996,
0.9999999999999996,
0.9999999999999996,
0.9999999999999996,
0.9999999999999996,
0.9999999999999996,
0.9999999999999996,
0.9999999999999996,
0.9999999999999996,
0.9999999999999996,
0.9999999999999996,
0.9999999999999996,
0.9999999999999996,
0.9999999999999996,
0.9999999999999996,
0.9999999999999996,
0.9999999999999996,
*** Green ***
0.25,
0.25,
0.25,
0.25,
0.25,
0.25,
0.25001627604166665,
0.250048828125,
0.25016927083333335,
0.25030924479166666,
0.25060546875,
0.25106770833333336,
0.2516959635416667,
0.2525813802083334,
0.2537369791666667,
0.25548502604166673,
0.25768229166666673,
0.2603841145833334,
0.26325195312500005,
0.26646158854166674,
0.2695703125000001,
0.27275065104166674,
0.27583333333333343,
0.2786816406250001,
0.28116210937500014,
0.28328125000000015,
0.28521158854166684,
0.2868359375000002,
0.2884179687500002,
0.2897851562500002,
0.2910221354166668,
0.29222330729166685,
0.2933919270833335,
0.2945052083333335,
0.29554687500000015,
0.2965364583333335,
0.2974381510416668,
0.29837890625000013,
0.29940429687500014,
0.30032226562500014,
0.3013997395833335,
0.30237304687500016,
0.30346679687500017,
0.30453776041666686,
0.30557291666666686,
0.3068001302083335,
0.3079589843750002,
0.30920898437500016,
0.3104947916666668,
0.3116731770833335,
0.3128190104166668,
0.31406250000000013,
0.3152929687500001,
0.31646809895833344,
0.31776692708333343,
0.31899088541666676,
0.3202148437500001,
0.32154947916666676,
0.32316731770833346,
0.3251953125000001,
0.32785481770833347,
0.33105794270833344,
0.3344498697916668,
0.33768554687500013,
0.3408333333333335,
0.3441015625000002,
0.3472070312500002,
0.3506184895833335,
0.3538476562500002,
0.3569661458333335,
0.3601725260416669,
0.36328450520833355,
0.36623697916666687,
0.36905924479166685,
0.37186197916666686,
0.37439778645833355,
0.3769531250000002,
0.37947916666666687,
0.38218424479166685,
0.3851302083333335,
0.3883593750000002,
0.39192382812500015,
0.3958919270833335,
0.39977213541666684,
0.40350260416666683,
0.4069661458333335,
0.4102897135416668,
0.41369791666666683,
0.4176367187500002,
0.4213704427083335,
0.42494466145833354,
0.42828450520833355,
0.4316178385416669,
0.4353157552083336,
0.4392675781250003,
0.4432226562500003,
0.44718098958333363,
0.450699869791667,
0.4542480468750003,
0.45778645833333365,
0.46135742187500034,
0.46499023437500037,
0.4686425781250004,
0.4720996093750004,
0.4754394531250004,
0.4788444010416671,
0.4822070312500004,
0.48592122395833376,
0.48970052083333376,
0.49358398437500045,
0.4974869791666671,
0.5020279947916672,
0.5069694010416671,
0.5119986979166671,
0.5175976562500004,
0.5239355468750004,
0.5308333333333338,
0.5389746093750005,
0.5478352864583339,
0.5569270833333338,
0.5650748697916672,
0.5720410156250005,
0.5775000000000006,
0.5819368489583339,
0.5860319010416672,
0.5899348958333339,
0.5941373697916672,
0.5983496093750006,
0.6026725260416672,
0.6068717447916672,
0.6107389322916672,
0.6143261718750005,
0.6173079427083338,
0.6195540364583337,
0.6214290364583337,
0.6230468750000003,
0.6245214843750003,
0.6258105468750004,
0.6270084635416671,
0.6279654947916671,
0.6288867187500005,
0.6296647135416671,
0.6303971354166671,
0.6312011718750005,
0.6319954427083339,
0.6327604166666672,
0.6335123697916671,
0.6343131510416672,
0.6352050781250005,
0.6360904947916671,
0.6370930989583338,
0.6381868489583338,
0.6393684895833338,
0.6406738281250005,
0.6421940104166671,
0.6439388020833338,
0.6458626302083338,
0.6481184895833337,
0.6508789062500004,
0.6544335937500004,
0.6583203125000004,
0.6633235677083338,
0.6697460937500005,
0.6780240885416672,
0.6881477864583339,
0.7000032552083338,
0.7135481770833338,
0.7277278645833338,
0.7432389322916672,
0.7598665364583338,
0.7773763020833337,
0.7970312500000004,
0.8189453125000005,
0.8434993489583338,
0.8698990885416671,
0.895221354166667,
0.918590494791667,
0.941129557291667,
0.962047526041667,
0.9788704427083337,
0.9905078125000003,
0.9964095052083336,
0.998815104166667,
0.999615885416667,
0.999879557291667,
0.999957682291667,
0.9999902343750003,
0.999996744791667,
0.999996744791667,
0.999996744791667,
0.999996744791667,
0.999996744791667,
0.999996744791667,
0.999996744791667,
1.0000000000000004,
1.0000000000000004,
1.0000000000000004,
1.0000000000000004,
1.0000000000000004,
1.0000000000000004,
1.0000000000000004,
1.0000000000000004,
1.0000000000000004,
1.0000000000000004,
1.0000000000000004,
1.0000000000000004,
1.0000000000000004,
1.0000000000000004,
1.0000000000000004,
1.0000000000000004,
1.0000000000000004,
1.0000000000000004,
1.0000000000000004,
1.0000000000000004,
1.0000000000000004,
1.0000000000000004,
1.0000000000000004,
1.0000000000000004,
1.0000000000000004,
1.0000000000000004,
1.0000000000000004,
1.0000000000000004,
1.0000000000000004,
1.0000000000000004,
1.0000000000000004,
1.0000000000000004,
1.0000000000000004,
1.0000000000000004,
1.0000000000000004,
1.0000000000000004,
1.0000000000000004,
1.0000000000000004,
1.0000000000000004,
1.0000000000000004,
1.0000000000000004,
1.0000000000000004,
1.0000000000000004,
1.0000000000000004,
1.0000000000000004,
1.0000000000000004,
1.0000000000000004,
1.0000000000000004,
1.0000000000000004,
1.0000000000000004,
1.0000000000000004,
1.0000000000000004,
1.0000000000000004,
1.0000000000000004,
1.0000000000000004,
1.0000000000000004,
1.0000000000000004,
1.0000000000000004,
1.0000000000000004,
1.0000000000000004,
1.0000000000000004,
1.0000000000000004,
*** Blue ***
0.25,
0.25,
0.25,
0.25000325520833333,
0.2500130208333333,
0.25009440104166664,
0.2503157552083333,
0.25069010416666665,
0.2513248697916666,
0.252333984375,
0.25365885416666667,
0.2555794270833333,
0.257880859375,
0.2607421875,
0.26390625,
0.2671940104166667,
0.270380859375,
0.27362630208333333,
0.27685872395833333,
0.280068359375,
0.2828125,
0.28530273437500003,
0.28771484375000006,
0.28991210937500006,
0.29189453125000003,
0.29377929687500004,
0.2956477864583334,
0.2975813802083334,
0.2995930989583334,
0.3014518229166667,
0.3032779947916667,
0.3050911458333334,
0.3070442708333334,
0.30901367187500006,
0.3109016927083334,
0.3129915364583334,
0.31504557291666674,
0.3171614583333334,
0.31932291666666673,
0.32158203125000007,
0.32402018229166674,
0.32664713541666673,
0.3296809895833334,
0.33321940104166675,
0.33674479166666677,
0.3403287760416668,
0.3439029947916668,
0.3471712239583335,
0.3502506510416668,
0.35338216145833345,
0.3565820312500001,
0.35975260416666677,
0.36317708333333343,
0.36675130208333345,
0.37068033854166677,
0.37437825520833345,
0.37836588541666677,
0.38244466145833345,
0.3861393229166668,
0.39029296875000014,
0.3941731770833335,
0.39794921875000017,
0.4015755208333335,
0.40472330729166683,
0.4080208333333335,
0.4108789062500002,
0.4137988281250002,
0.4163574218750002,
0.41883138020833355,
0.42125325520833357,
0.42354166666666687,
0.4258138020833335,
0.4277962239583335,
0.42988281250000016,
0.43180013020833347,
0.4338248697916668,
0.43574544270833343,
0.43750325520833344,
0.43908528645833345,
0.44065429687500013,
0.44242513020833346,
0.44419270833333346,
0.4464225260416668,
0.4489876302083335,
0.45176106770833346,
0.45499023437500014,
0.4580826822916668,
0.46118164062500017,
0.46403971354166684,
0.4664746093750002,
0.4688020833333335,
0.47085611979166686,
0.4727343750000002,
0.4743750000000002,
0.4756738281250002,
0.47671549479166686,
0.4775195312500002,
0.4781380208333335,
0.47871093750000016,
0.4793587239583335,
0.4800423177083335,
0.4809147135416668,
0.48174479166666684,
0.48277994791666684,
0.4838932291666668,
0.4850520833333335,
0.4861263020833335,
0.48724609375000016,
0.48851236979166685,
0.48981119791666683,
0.4910579427083335,
0.4923763020833335,
0.4939322916666668,
0.4954264322916668,
0.4970410156250001,
0.49847981770833344,
0.49990885416666675,
0.5013020833333334,
0.50251953125,
0.5035319010416667,
0.504541015625,
0.5056933593749999,
0.5068164062499999,
0.5080468749999999,
0.5093066406249999,
0.5105794270833331,
0.5120084635416665,
0.5135319010416665,
0.5151367187499998,
0.5166634114583332,
0.5181412760416665,
0.5195735677083332,
0.5211165364583332,
0.5229101562499999,
0.5244759114583333,
0.5261458333333333,
0.5277213541666667,
0.5292024739583333,
0.5307877604166666,
0.5323111979166666,
0.5338899739583333,
0.5355143229166666,
0.5371972656249999,
0.5392871093749999,
0.5414192708333332,
0.5437239583333332,
0.5460546874999999,
0.5488248697916666,
0.5520247395833332,
0.5555078124999999,
0.5592024739583332,
0.5633365885416666,
0.5688541666666665,
0.5755078124999999,
0.5837369791666666,
0.5931282552083332,
0.6032324218749999,
0.6135416666666665,
0.6246093749999999,
0.6365299479166666,
0.650673828125,
0.6672688802083333,
0.6873177083333333,
0.7106445312499999,
0.7358723958333333,
0.7620149739583333,
0.7885286458333333,
0.815712890625,
0.84263671875,
0.8679817708333334,
0.8918847656250001,
0.9143717447916667,
0.9356282552083334,
0.954853515625,
0.9712825520833334,
0.9839973958333333,
0.99212890625,
0.9966959635416667,
0.9987467447916667,
0.9995638020833334,
0.9998795572916668,
0.9999674479166668,
0.9999837239583335,
0.9999869791666668,
0.9999934895833335,
0.9999967447916668,
0.9999967447916668,
0.9999967447916668,
0.9999967447916668,
0.9999967447916668,
0.9999967447916668,
1.0000000000000002,
1.0000000000000002,
1.0000000000000002,
1.0000000000000002,
1.0000000000000002,
1.0000000000000002,
1.0000000000000002,
1.0000000000000002,
1.0000000000000002,
1.0000000000000002,
1.0000000000000002,
1.0000000000000002,
1.0000000000000002,
1.0000000000000002,
1.0000000000000002,
1.0000000000000002,
1.0000000000000002,
1.0000000000000002,
1.0000000000000002,
1.0000000000000002,
1.0000000000000002,
1.0000000000000002,
1.0000000000000002,
1.0000000000000002,
1.0000000000000002,
1.0000000000000002,
1.0000000000000002,
1.0000000000000002,
1.0000000000000002,
1.0000000000000002,
1.0000000000000002,
1.0000000000000002,
1.0000000000000002,
1.0000000000000002,
1.0000000000000002,
1.0000000000000002,
1.0000000000000002,
1.0000000000000002,
1.0000000000000002,
1.0000000000000002,
1.0000000000000002,
1.0000000000000002,
1.0000000000000002,
1.0000000000000002,
1.0000000000000002,
1.0000000000000002,
1.0000000000000002,
1.0000000000000002,
1.0000000000000002,
1.0000000000000002,
1.0000000000000002,
1.0000000000000002,
1.0000000000000002,
1.0000000000000002,
1.0000000000000002,
1.0000000000000002,
1.0000000000000002,
1.0000000000000002,
1.0000000000000002,
1.0000000000000002,
1.0000000000000002,
1.0000000000000002,
1.0000000000000002,
1.0000000000000002,
1.0000000000000002,
