*** H ***
0.443583984375,
0.443583984375,
0.443583984375,
0.443583984375,
0.443583984375,
0.443583984375,
0.443583984375,
0.443583984375,
0.443583984375,
0.443583984375,
0.443583984375,
0.443583984375,
0.443583984375,
0.443583984375,
0.443583984375,
0.443583984375,
0.443583984375,
0.443583984375,
0.443583984375,
0.443583984375,
0.443583984375,
0.443583984375,
0.443583984375,
0.443583984375,
0.443583984375,
0.443583984375,
0.443583984375,
0.443583984375,
0.443583984375,
0.443583984375,
0.443583984375,
0.443583984375,
0.443583984375,
0.443583984375,
0.443583984375,
0.443583984375,
0.443583984375,
0.443583984375,
0.443583984375,
0.443583984375,
0.443583984375,
0.443583984375,
0.443583984375,
0.443583984375,
0.443583984375,
0.443583984375,
0.443583984375,
0.443583984375,
0.443583984375,
0.443583984375,
0.443583984375,
0.443583984375,
0.443583984375,
0.443583984375,
0.443583984375,
0.443583984375,
0.443583984375,
0.443583984375,
0.443583984375,
0.443583984375,
0.443583984375,
0.443583984375,
0.443583984375,
0.443583984375,
0.443583984375,
0.443583984375,
0.443583984375,
0.443583984375,
0.443583984375,
0.443583984375,
0.443583984375,
0.443583984375,
0.443583984375,
0.443583984375,
0.443583984375,
0.443583984375,
0.443583984375,
0.443583984375,
0.443583984375,
0.443583984375,
0.443583984375,
0.443583984375,
0.443583984375,
0.443583984375,
0.443583984375,
0.443583984375,
0.443583984375,
0.443583984375,
0.443583984375,
0.443583984375,
0.443583984375,
0.443583984375,
0.443583984375,
0.443583984375,
0.443583984375,
0.443583984375,
0.443583984375,
0.443583984375,
0.443583984375,
0.443583984375,
0.443583984375,
0.443583984375,
0.443583984375,
0.443583984375,
0.443583984375,
0.443583984375,
0.443583984375,
0.443583984375,
0.443583984375,
0.443583984375,
0.443583984375,
0.443583984375,
0.443583984375,
0.443583984375,
0.443583984375,
0.443583984375,
0.443583984375,
0.443583984375,
0.443583984375,
0.443583984375,
0.99857421875,
0.99857421875,
0.99857421875,
0.99857421875,
0.99857421875,
0.99857421875,
0.99857421875,
0.99857421875,
0.99857421875,
0.99857421875,
0.99857421875,
0.99857421875,
0.99857421875,
0.99857421875,
0.99857421875,
0.99857421875,
0.99857421875,
0.99857421875,
0.99857421875,
0.99857421875,
0.99857421875,
0.99857421875,
0.99857421875,
0.99857421875,
0.99857421875,
0.99857421875,
0.99857421875,
0.99857421875,
0.99857421875,
0.99857421875,
0.99857421875,
0.99857421875,
0.99857421875,
0.99857421875,
0.99857421875,
0.99857421875,
0.99857421875,
0.99857421875,
0.99857421875,
0.99857421875,
0.99857421875,
0.99857421875,
0.99857421875,
0.99857421875,
0.99857421875,
0.99857421875,
0.99857421875,
0.99857421875,
0.99857421875,
0.99857421875,
0.99857421875,
0.99857421875,
0.99857421875,
0.99857421875,
0.99857421875,
0.99857421875,
0.99857421875,
0.99857421875,
0.99857421875,
0.99857421875,
0.99857421875,
0.99857421875,
0.99857421875,
0.99857421875,
0.99857421875,
0.99857421875,
0.99857421875,
0.99857421875,
0.99857421875,
0.99857421875,
0.99857421875,
0.99857421875,
0.99857421875,
0.99857421875,
0.99857421875,
0.99857421875,
0.99857421875,
0.99857421875,
0.99857421875,
0.99857421875,
0.99857421875,
0.99857421875,
0.99857421875,
0.99857421875,
0.99857421875,
0.99857421875,
0.99857421875,
0.99857421875,
0.99857421875,
0.99857421875,
0.99857421875,
0.99857421875,
0.99857421875,
0.99857421875,
0.99857421875,
0.99857421875,
0.99857421875,
0.99857421875,
0.99857421875,
0.99857421875,
0.99857421875,
0.99857421875,
0.99857421875,
0.99857421875,
0.99857421875,
0.99857421875,
0.99857421875,
0.99857421875,
0.99857421875,
0.99857421875,
0.99857421875,
0.99857421875,
0.99857421875,
0.99857421875,
0.99857421875,
0.99857421875,
0.99857421875,
0.99857421875,
0.99857421875,
0.99857421875,
1.0,
1.0,
1.0,
1.0,
1.0,
1.0,
1.0,
1.0,
1.0,
1.0,
1.0,
1.0,
1.0,
1.0,
1.0,
1.0,
1.0,
1.0,
1.0,
1.0,
1.0,
1.0,
1.0,
1.0,
1.0,
1.0,
1.0,
1.0,
1.0,
1.0,
1.0,
1.0,
1.0,
1.0,
1.0,
1.0,
1.0,
1.0,
1.0,
1.0,
1.0,
1.0,
1.0,
1.0,
1.0,
1.0,
1.0,
1.0,
1.0,
1.0,
1.0,
1.0,
1.0,
1.0,
1.0,
1.0,
1.0,
1.0,
1.0,
1.0,
1.0,
1.0,
1.0,
1.0,
1.0,
1.0,
1.0,
1.0,
1.0,
1.0,
1.0,
1.0,
1.0,
1.0,
1.0,
1.0,
1.0,
1.0,
1.0,
1.0,
1.0,
1.0,
1.0,
1.0,
1.0,
1.0,
1.0,
1.0,
1.0,
1.0,
1.0,
1.0,
1.0,
1.0,
1.0,
1.0,
1.0,
1.0,
1.0,
1.0,
1.0,
1.0,
1.0,
1.0,
1.0,
1.0,
1.0,
1.0,
1.0,
1.0,
1.0,
1.0,
1.0,
1.0,
1.0,
1.0,
1.0,
1.0,
1.0,
1.0,
1.0,
*** V ***
3.2552083333333335E-6,
0.0016276041666666667,
0.032529296875,
0.053935546875000004,
0.07275065104166667,
0.08615559895833333,
0.09468098958333333,
0.10689127604166666,
0.11480143229166666,
0.12618164062499998,
0.1334375,
0.14441731770833333,
0.1525,
0.165185546875,
0.173427734375,
0.18527994791666666,
0.19662760416666666,
0.20369140624999998,
0.2138606770833333,
0.22080729166666666,
0.23091145833333332,
0.23779622395833333,
0.247724609375,
0.253955078125,
0.26310872395833335,
0.27185546875,
0.277265625,
0.285458984375,
0.29053385416666666,
0.29779947916666666,
0.30224934895833333,
0.30874999999999997,
0.312626953125,
0.3182291666666667,
0.32166015625,
0.3258919270833333,
0.329462890625,
0.3315690104166667,
0.33439453125,
0.33642903645833333,
0.33920572916666664,
0.3409993489583333,
0.34376302083333327,
0.34580403645833324,
0.3490039062499999,
0.3523307291666666,
0.35465169270833324,
0.3587174479166666,
0.3612858072916666,
0.3650846354166666,
0.36796549479166657,
0.3725488281249999,
0.3753385416666666,
0.3796158854166666,
0.38252278645833326,
0.3869596354166666,
0.3913313802083333,
0.3942740885416666,
0.39893880208333327,
0.40234374999999994,
0.4076432291666666,
0.41163411458333327,
0.41883789062499993,
0.4238932291666666,
0.4323567708333333,
0.44274414062499995,
0.4501692708333333,
0.4636783854166666,
0.473662109375,
0.49060546875,
0.5033463541666666,
0.5262141927083333,
0.5452180989583333,
0.58134765625,
0.6126985677083333,
0.6726399739583333,
0.741435546875,
0.78455078125,
0.8556282552083333,
0.9048990885416667,
0.9694270833333334,
0.9935384114583334,
0.9996061197916668,
0.9999023437500001,
0.9999479166666667,
0.9999641927083334,
0.9999641927083334,
0.99998046875,
0.9999837239583333,
0.9999837239583333,
0.9999837239583333,
0.9999869791666667,
0.9999869791666667,
0.999990234375,
0.999990234375,
0.999990234375,
0.9999967447916667,
0.9999967447916667,
0.9999967447916667,
0.9999967447916667,
1.0,
*** S ***
0.053795572916666666,
0.15110677083333332,
0.3040071614583333,
0.5668587239583334,
0.591982421875,
0.5964973958333334,
0.5988313802083334,
0.6009440104166667,
0.6027571614583334,
0.6042936197916667,
0.6056054687500001,
0.6067871093750001,
0.6078287760416669,
0.6092643229166669,
0.6106835937500003,
0.6123144531250002,
0.6130924479166668,
0.6151367187500002,
0.6177929687500002,
0.6186946614583335,
0.6228906250000001,
0.6239973958333335,
0.6291113281250001,
0.6303971354166669,
0.6312760416666668,
0.6373046875000001,
0.6387304687500002,
0.6408203125000002,
0.6422395833333335,
0.6474641927083336,
0.6500585937500002,
0.6526139322916669,
0.6549609375000002,
0.6620540364583335,
0.6644661458333335,
0.6695833333333335,
0.6773437500000002,
0.6842154947916669,
0.6969824218750003,
0.7046093750000002,
0.7153059895833336,
0.7225585937500002,
0.7328320312500002,
0.7420345052083335,
0.7501399739583334,
0.7583789062500002,
0.7662109375000001,
0.7733561197916669,
0.7808398437500002,
0.7862011718750002,
0.7972135416666668,
0.8028125000000002,
0.8105761718750002,
0.8183430989583336,
0.8254296875000002,
0.8328027343750002,
0.8418098958333335,
0.8502343750000002,
0.8590625000000002,
0.8679589843750002,
0.8767740885416668,
0.8846972656250002,
0.8928710937500002,
0.9037955729166669,
0.9114518229166669,
0.9203450520833336,
0.9269694010416669,
0.936324869791667,
0.9440169270833336,
0.951061197916667,
0.957506510416667,
0.964244791666667,
0.968912760416667,
0.9739550781250003,
0.9785546875000003,
0.9822395833333336,
0.9858365885416669,
0.9881835937500002,
0.9906184895833335,
0.9927148437500002,
0.9942675781250002,
0.9956412760416669,
0.9966634114583335,
0.9975390625000001,
0.9981705729166668,
0.9986490885416668,
0.9989746093750002,
0.9991894531250002,
0.9994986979166669,
0.9996191406250002,
0.9997298177083336,
0.9998242187500003,
0.9998502604166669,
0.9998958333333335,
0.9999121093750002,
0.9999283854166668,
0.9999446614583335,
0.9999576822916668,
0.9999576822916668,
0.9999576822916668,
1.0000000000000002,
s