*** Red ***
0.25000325520833333,
0.25000651041666666,
0.25020182291666665,
0.2521028645833333,
0.25924479166666664,
0.272294921875,
0.2861328125,
0.2984798177083333,
0.30728515624999997,
0.3125227864583333,
0.3157259114583333,
0.31825520833333326,
0.32080078124999994,
0.32301106770833327,
0.3252246093749999,
0.32728841145833326,
0.3293424479166666,
0.33137044270833327,
0.3332942708333333,
0.33559244791666665,
0.33772135416666665,
0.34030273437499997,
0.342861328125,
0.34541015625,
0.34833333333333333,
0.3511653645833333,
0.3539388020833333,
0.35691406249999996,
0.3599446614583333,
0.3631510416666667,
0.366640625,
0.37033203124999997,
0.37414062499999995,
0.3780989583333333,
0.38196614583333327,
0.38578124999999996,
0.38962565104166663,
0.3936686197916666,
0.3972688802083333,
0.40071289062499993,
0.4042675781249999,
0.40785156249999993,
0.4113444010416666,
0.41473632812499994,
0.4179720052083333,
0.4211881510416666,
0.4244986979166666,
0.42770507812499997,
0.43107421874999996,
0.43431640624999995,
0.4375651041666666,
0.44069661458333326,
0.4439550781249999,
0.4472819010416666,
0.4505273437499999,
0.4537597656249999,
0.4569694010416666,
0.4600813802083333,
0.4630826822916666,
0.4660416666666666,
0.4688964843749999,
0.47182942708333325,
0.4746842447916666,
0.4774479166666666,
0.4801920572916666,
0.4829752604166666,
0.48557617187499996,
0.4880924479166666,
0.4907389322916666,
0.4932519531249999,
0.4959244791666666,
0.4983170572916666,
0.5007421874999999,
0.5031608072916666,
0.5053776041666665,
0.5076822916666666,
0.5099218749999999,
0.5119661458333332,
0.5140852864583332,
0.5160481770833332,
0.5181673177083331,
0.5199511718749998,
0.5218554687499999,
0.5236653645833332,
0.5255403645833332,
0.5271809895833331,
0.5289062499999998,
0.5304557291666665,
0.5319335937499998,
0.5331933593749998,
0.5344759114583332,
0.5357617187499999,
0.5368229166666666,
0.5378320312499999,
0.5388118489583332,
0.5397851562499999,
0.540703125,
0.5415787760416666,
0.5423958333333333,
0.5432454427083333,
0.5442805989583333,
0.5451660156249999,
0.5459635416666666,
0.5467838541666666,
0.5476139322916667,
0.5484212239583334,
0.5492252604166667,
0.5501302083333334,
0.5510123697916667,
0.55189453125,
0.5528938802083333,
0.5538509114583333,
0.5548372395833333,
0.5558626302083333,
0.5568489583333333,
0.5578938802083333,
0.558974609375,
0.5601041666666666,
0.5611360677083332,
0.5623893229166665,
0.5636946614583332,
0.564990234375,
0.5661588541666667,
0.5674088541666666,
0.5685644531249999,
0.5697167968749999,
0.5709895833333332,
0.5723404947916665,
0.5737141927083331,
0.5751562499999998,
0.5766731770833331,
0.5780273437499998,
0.5794238281249997,
0.5806640624999997,
0.5819824218749997,
0.5832975260416664,
0.5847102864583331,
0.5861100260416664,
0.587483723958333,
0.588831380208333,
0.5902636718749997,
0.5916569010416663,
0.5930566406249996,
0.5944368489583329,
0.5958105468749996,
0.5972786458333329,
0.5986035156249996,
0.599905598958333,
0.6014095052083329,
0.6030013020833329,
0.6045572916666663,
0.6061295572916663,
0.6077213541666663,
0.6093033854166663,
0.610833333333333,
0.6125260416666664,
0.614280598958333,
0.6161718749999996,
0.6180533854166662,
0.6200976562499996,
0.6220312499999996,
0.6241634114583329,
0.6265071614583329,
0.6286490885416662,
0.631038411458333,
0.6332128906249996,
0.6355891927083329,
0.6380891927083329,
0.6404427083333328,
0.6428352864583329,
0.6451725260416662,
0.6477311197916662,
0.6503385416666662,
0.6532714843749995,
0.6561555989583329,
0.6593066406249996,
0.6624121093749995,
0.6659082031249995,
0.6697916666666662,
0.6740234374999996,
0.6789029947916663,
0.6843652343749996,
0.6903027343749997,
0.6969042968749997,
0.7042968749999997,
0.7126074218749997,
0.7215429687499997,
0.7308854166666664,
0.7400976562499997,
0.7495800781249997,
0.7593847656249997,
0.7694921874999997,
0.7794986979166664,
0.7904329427083331,
0.8022753906249998,
0.8159374999999998,
0.8317350260416664,
0.8506380208333331,
0.870823567708333,
0.8927929687499997,
0.9139518229166663,
0.9334960937499996,
0.9519791666666663,
0.9681803385416663,
0.9816764322916663,
0.9914746093749996,
0.9966992187499997,
0.9988281249999996,
0.9995410156249996,
0.9997949218749996,
0.9998893229166663,
0.9999186197916663,
0.9999381510416663,
0.9999446614583329,
0.9999446614583329,
0.9999479166666663,
0.9999576822916663,
0.9999641927083329,
0.9999641927083329,
0.9999674479166663,
0.9999674479166663,
0.9999707031249996,
0.9999804687499996,
0.9999837239583329,
0.9999869791666662,
0.9999869791666662,
0.9999869791666662,
0.9999869791666662,
0.9999869791666662,
0.9999869791666662,
0.9999869791666662,
0.9999869791666662,
0.9999869791666662,
0.9999869791666662,
0.9999869791666662,
0.9999869791666662,
0.9999902343749996,
0.9999902343749996,
0.9999902343749996,
0.9999902343749996,
0.9999902343749996,
0.9999902343749996,
0.9999902343749996,
0.9999902343749996,
0.9999934895833329,
0.9999967447916662,
0.9999967447916662,
0.9999967447916662,
0.9999967447916662,
0.9999967447916662,
0.9999967447916662,
0.9999967447916662,
0.9999967447916662,
0.9999967447916662,
0.9999999999999996,
0.9999999999999996,
*** Green ***
0.25,
0.25000325520833333,
0.25012044270833333,
0.25170247395833334,
0.2582421875,
0.2704296875,
0.2831119791666667,
0.2942545572916667,
0.3035058593750001,
0.3104947916666667,
0.3150260416666667,
0.3185514322916667,
0.3217578125000001,
0.3250976562500001,
0.32833658854166675,
0.3317382812500001,
0.3353515625000001,
0.33933268229166674,
0.3438736979166667,
0.3487858072916667,
0.35421223958333337,
0.3598177083333334,
0.36557942708333335,
0.37118164062500003,
0.37713867187500005,
0.3830696614583334,
0.38926757812500007,
0.39527343750000005,
0.40171875000000007,
0.40745768229166673,
0.41327148437500005,
0.41881835937500006,
0.4241699218750001,
0.4294042968750001,
0.43458333333333343,
0.4395800781250001,
0.44453776041666676,
0.4495540364583334,
0.4546451822916667,
0.4597721354166667,
0.46491210937500005,
0.46982421875,
0.4743359375,
0.47879231770833336,
0.4828873697916667,
0.48681315104166667,
0.490576171875,
0.49408528645833333,
0.4974446614583333,
0.5006412760416666,
0.5037304687499999,
0.5066178385416666,
0.5094921875,
0.5123307291666667,
0.5150618489583333,
0.517373046875,
0.5197460937499999,
0.5221256510416665,
0.5244075520833332,
0.5265364583333332,
0.5287923177083331,
0.5306282552083331,
0.5323795572916664,
0.534134114583333,
0.535735677083333,
0.537473958333333,
0.538880208333333,
0.5403027343749998,
0.541692708333333,
0.543059895833333,
0.5442968749999997,
0.5454492187499996,
0.5465332031249996,
0.5475878906249997,
0.5486490885416664,
0.549807942708333,
0.550891927083333,
0.5519791666666664,
0.553108723958333,
0.5541894531249997,
0.5552506510416664,
0.5562565104166663,
0.557288411458333,
0.5583496093749997,
0.5593652343749996,
0.5604589843749996,
0.5615885416666663,
0.5626757812499996,
0.5637499999999996,
0.5649121093749997,
0.5661230468749997,
0.567200520833333,
0.5683854166666664,
0.5694140624999997,
0.5707194010416664,
0.5719986979166664,
0.5733300781249997,
0.574651692708333,
0.5760156249999997,
0.5774804687499997,
0.5789713541666663,
0.5805664062499997,
0.5820312499999997,
0.583499348958333,
0.5849967447916663,
0.5864876302083329,
0.5879850260416662,
0.5894759114583329,
0.5911718749999996,
0.5928320312499996,
0.5942871093749996,
0.5959082031249996,
0.5974967447916663,
0.5991699218749996,
0.6008365885416663,
0.602639973958333,
0.6044270833333331,
0.6062955729166664,
0.6082096354166664,
0.6100455729166664,
0.6119824218749997,
0.6138183593749997,
0.6157259114583331,
0.6176041666666664,
0.619348958333333,
0.621057942708333,
0.6228483072916664,
0.6248893229166664,
0.6266178385416664,
0.6282617187499997,
0.630091145833333,
0.6317513020833331,
0.6334863281249997,
0.6351692708333331,
0.6368294270833331,
0.6385286458333331,
0.6401562499999998,
0.6413932291666664,
0.6424674479166664,
0.6434114583333331,
0.6442089843749998,
0.6448535156249998,
0.6453613281249998,
0.6459342447916665,
0.6463476562499998,
0.6467545572916664,
0.6471126302083331,
0.6474707031249998,
0.6477994791666665,
0.6480664062499998,
0.6483040364583331,
0.6485449218749998,
0.6488020833333331,
0.6490559895833331,
0.6493294270833331,
0.6496158854166664,
0.6499316406249998,
0.6502604166666665,
0.6506022135416665,
0.6510091145833331,
0.6514095052083331,
0.6518326822916664,
0.6522949218749997,
0.6528808593749997,
0.6535644531249998,
0.6542252604166664,
0.6549446614583331,
0.6557421874999998,
0.6564485677083332,
0.6572493489583332,
0.6580403645833331,
0.6588411458333332,
0.6597102864583332,
0.6605761718749998,
0.6616243489583332,
0.6627408854166665,
0.6639713541666665,
0.6656087239583331,
0.6672037760416665,
0.6692643229166665,
0.6718001302083332,
0.6746940104166665,
0.6782421874999999,
0.6823958333333332,
0.6868912760416666,
0.6919954427083332,
0.6978776041666666,
0.7046028645833332,
0.7122265624999998,
0.7204524739583331,
0.7288997395833331,
0.7382975260416664,
0.7483170572916664,
0.7587304687499997,
0.7691927083333331,
0.780579427083333,
0.7922819010416664,
0.8046484374999997,
0.8190201822916664,
0.8366764322916664,
0.8576725260416664,
0.881409505208333,
0.9051855468749997,
0.9277636718749998,
0.949895833333333,
0.9694921874999998,
0.9844335937499997,
0.9935677083333331,
0.9975911458333331,
0.9990787760416664,
0.9996191406249997,
0.9998209635416664,
0.9999121093749997,
0.9999414062499997,
0.999954427083333,
0.999964192708333,
0.9999674479166664,
0.999973958333333,
0.999973958333333,
0.9999772135416664,
0.9999804687499997,
0.9999869791666663,
0.9999869791666663,
0.9999869791666663,
0.9999869791666663,
0.9999869791666663,
0.9999869791666663,
0.9999869791666663,
0.9999869791666663,
0.9999869791666663,
0.9999869791666663,
0.9999869791666663,
0.9999869791666663,
0.9999869791666663,
0.9999869791666663,
0.9999902343749997,
0.9999902343749997,
0.9999902343749997,
0.9999902343749997,
0.9999902343749997,
0.9999967447916663,
0.9999967447916663,
0.9999967447916663,
0.9999967447916663,
0.9999967447916663,
0.9999967447916663,
0.9999967447916663,
0.9999967447916663,
0.9999967447916663,
0.9999999999999997,
0.9999999999999997,
0.9999999999999997,
0.9999999999999997,
0.9999999999999997,
0.9999999999999997,
0.9999999999999997,
*** Blue ***
0.2500390625,
0.25012369791666667,
0.2506380208333333,
0.253359375,
0.2622884114583333,
0.278154296875,
0.29607747395833334,
0.31480794270833334,
0.33201171875,
0.34650390625,
0.358828125,
0.3700130208333333,
0.38055338541666667,
0.39044596354166666,
0.39991861979166665,
0.408984375,
0.418154296875,
0.4270345052083333,
0.4354622395833333,
0.4440299479166666,
0.45221679687499994,
0.4599381510416666,
0.46711263020833327,
0.47392578124999996,
0.48000651041666664,
0.48583007812499995,
0.4913151041666666,
0.496416015625,
0.5008561197916667,
0.5049251302083333,
0.5086002604166666,
0.5122233072916667,
0.5154231770833333,
0.518349609375,
0.5211328125,
0.523779296875,
0.52623046875,
0.5283626302083333,
0.5304687499999999,
0.5323372395833332,
0.5340917968749999,
0.5359114583333332,
0.5376432291666665,
0.5393164062499999,
0.5408235677083332,
0.5424283854166665,
0.5438574218749999,
0.5453808593749998,
0.5466438802083331,
0.5478971354166664,
0.5491080729166664,
0.550384114583333,
0.551653645833333,
0.552981770833333,
0.5541861979166663,
0.555432942708333,
0.5566503906249997,
0.557942708333333,
0.5591894531249997,
0.5603124999999997,
0.5615494791666663,
0.5628287760416663,
0.5639550781249996,
0.5651464843749996,
0.5663509114583329,
0.5676074218749996,
0.5688085937499996,
0.5700097656249996,
0.5712597656249996,
0.5726139322916662,
0.5738899739583329,
0.5751204427083328,
0.5762890624999996,
0.5777180989583329,
0.579143880208333,
0.5804947916666663,
0.5819010416666663,
0.5832096354166664,
0.584593098958333,
0.5859049479166664,
0.587307942708333,
0.5887402343749997,
0.5901074218749996,
0.5916503906249997,
0.5931347656249997,
0.5946061197916663,
0.596126302083333,
0.5976236979166663,
0.5992024739583329,
0.6009016927083329,
0.6025781249999996,
0.6042122395833329,
0.6057910156249996,
0.6074967447916663,
0.6092643229166662,
0.6109147135416663,
0.6126464843749996,
0.6142773437499995,
0.6158365885416662,
0.6173795572916663,
0.6190169270833329,
0.6207910156249996,
0.622454427083333,
0.624192708333333,
0.6260774739583329,
0.6278678385416663,
0.6295312499999997,
0.6312402343749997,
0.632903645833333,
0.6345019531249997,
0.6359277343749997,
0.6371874999999997,
0.638343098958333,
0.6396126302083329,
0.640540364583333,
0.6414160156249996,
0.6421679687499996,
0.6427506510416663,
0.6433300781249996,
0.643782552083333,
0.644270833333333,
0.6447167968749997,
0.6450423177083331,
0.645325520833333,
0.6455208333333331,
0.6457324218749998,
0.6458984374999998,
0.6461035156249998,
0.6463216145833331,
0.6465136718749999,
0.6467057291666666,
0.6469433593749999,
0.6471321614583333,
0.6473307291666667,
0.6475,
0.647734375,
0.6479101562499999,
0.64810546875,
0.6482649739583333,
0.6485091145833333,
0.648720703125,
0.648984375,
0.6491796875,
0.6494205729166667,
0.6496028645833333,
0.6498307291666666,
0.650029296875,
0.6502506510416667,
0.65052734375,
0.6508300781249999,
0.6511295572916665,
0.6514518229166666,
0.6517545572916665,
0.6522298177083332,
0.6526464843749998,
0.6531282552083332,
0.6536523437499998,
0.6541992187499998,
0.6548632812499997,
0.6554882812499997,
0.6561621093749997,
0.6569173177083331,
0.6576269531249997,
0.6583138020833331,
0.6590820312499998,
0.6598111979166664,
0.6606119791666665,
0.6614192708333332,
0.6623209635416665,
0.6630891927083331,
0.6639908854166664,
0.6650097656249997,
0.666136067708333,
0.6673828124999996,
0.669055989583333,
0.671028645833333,
0.6733886718749996,
0.676136067708333,
0.679348958333333,
0.683479817708333,
0.6881705729166663,
0.6938346354166662,
0.7003450520833329,
0.7078320312499995,
0.7161263020833328,
0.7250358072916662,
0.7346647135416662,
0.7447363281249995,
0.7552083333333328,
0.7655403645833329,
0.7760253906249995,
0.7862174479166661,
0.7970898437499995,
0.8088671874999994,
0.8223046874999994,
0.8367740885416661,
0.8536523437499994,
0.8724414062499994,
0.8933170572916661,
0.9140201822916662,
0.9335514322916662,
0.9518033854166662,
0.9683691406249996,
0.9818457031249995,
0.9910319010416662,
0.9961165364583329,
0.9984960937499995,
0.9994335937499995,
0.9997233072916661,
0.9998567708333328,
0.9999348958333328,
0.9999544270833328,
0.9999641927083328,
0.9999674479166661,
0.9999739583333328,
0.9999739583333328,
0.9999772135416661,
0.9999804687499995,
0.9999804687499995,
0.9999804687499995,
0.9999804687499995,
0.9999804687499995,
0.9999837239583328,
0.9999837239583328,
0.9999837239583328,
0.9999837239583328,
0.9999837239583328,
0.9999837239583328,
0.9999837239583328,
0.9999837239583328,
0.9999837239583328,
0.9999869791666661,
0.9999869791666661,
0.9999902343749995,
0.9999902343749995,
0.9999902343749995,
0.9999902343749995,
0.9999902343749995,
0.9999902343749995,
0.9999902343749995,
0.9999902343749995,
0.9999934895833328,
0.9999934895833328,
0.9999934895833328,
0.9999967447916661,
0.9999967447916661,
0.9999967447916661,
0.9999967447916661,
0.9999967447916661,
0.9999967447916661,
0.9999967447916661,
0.9999967447916661,
0.9999967447916661,
0.9999967447916661,
0.9999967447916661,
0.9999999999999994,
